0.314159 0.998785 -0.049288 -0.0123295
0.628319 0.985348 -0.170558 -0.119423
0.942478 0.93149 -0.363768 -0.373204
1.25664 0.800345 -0.59954 -0.722567
1.5708 0.571271 -0.820762 -1.05151
1.88496 0.26111 -0.965309 -1.24641
2.19911 -0.0796775 -0.996821 -1.26086
2.51327 -0.392502 -0.919751 -1.11717
2.82743 -0.636498 -0.771278 -0.87308
3.14159 -0.799141 -0.601143 -0.595121
3.45575 -0.89093 -0.454141 -0.343209
3.76991 -0.932116 -0.362159 -0.164941
4.08407 -0.939058 -0.343759 -0.0965104
4.39823 -0.914298 -0.405042 -0.161552
4.71239 -0.843868 -0.536552 -0.358052
5.02655 -0.706202 -0.708011 -0.637012
5.34071 -0.491114 -0.871095 -0.903728
5.65487 -0.214741 -0.976671 -1.06511
5.96903 0.0833783 -0.996518 -1.08103
6.28319 0.358158 -0.933661 -0.967867
6.59734 0.577265 -0.816557 -0.772336
6.9115 0.728981 -0.684534 -0.549773
7.22566 0.818551 -0.574434 -0.352163
7.53982 0.858177 -0.513355 -0.222806
7.85398 0.856437 -0.516252 -0.193942
8.16814 0.811536 -0.584302 -0.280638
8.4823 0.71224 -0.701936 -0.466821
8.79646 0.548165 -0.83637 -0.694634
9.11062 0.323546 -0.946212 -0.881702
9.42478 0.0626831 -0.998033 -0.965195
9.73894 -0.198109 -0.98018 -0.930451
10.0531 -0.425172 -0.905112 -0.802914
10.3673 -0.598361 -0.801226 -0.626712
10.6814 -0.712987 -0.701178 -0.449428
10.9956 -0.77433 -0.632782 -0.314047
11.3097 -0.789204 -0.614131 -0.254565
11.6239 -0.759061 -0.65102 -0.290751
11.9381 -0.678401 -0.734692 -0.418323
12.2522 -0.54051 -0.841338 -0.599336
12.5664 -0.347614 -0.937638 -0.769178
12.8805 -0.117186 -0.99311 -0.867233
13.1947 0.121603 -0.992579 -0.867032
13.5088 0.338514 -0.940961 -0.779941
13.823 0.51214 -0.858902 -0.639929
14.1372 0.633582 -0.773675 -0.488411
14.4513 0.703585 -0.710612 -0.365033
14.7655 0.726209 -0.687474 -0.302176
15.0796 0.702973 -0.711217 -0.31956
15.3938 0.630888 -0.775874 -0.416243
15.708 0.506238 -0.862394 -0.563255
16.0221 0.332087 -0.943249 -0.708366
16.3363 0.123449 -0.992351 -0.799134
16.6504 -0.0948624 -0.99549 -0.808483
16.9646 -0.296321 -0.955088 -0.741628
17.2788 -0.460891 -0.887457 -0.625729
17.5929 -0.578649 -0.815577 -0.496704
17.9071 -0.64805 -0.761598 -0.390103
18.2212 -0.671073 -0.741391 -0.335181
18.5354 -0.648546 -0.761175 -0.349336
18.8496 -0.578622 -0.815596 -0.43116
19.1637 -0.459803 -0.888021 -0.555219
19.4779 -0.296705 -0.954969 -0.677202
19.792 -0.103757 -0.994603 -0.753071
20.1062 0.096855 -0.995299 -0.759717
20.4204 0.281797 -0.959474 -0.701182
20.7345 0.433214 -0.901291 -0.600835
21.0487 0.541658 -0.840599 -0.490304
21.3628 0.604677 -0.796471 -0.401102
21.677 0.62293 -0.782277 -0.358708
21.9911 0.596602 -0.802537 -0.377008
22.3053 0.524567 -0.851369 -0.452274
22.6195 0.407173 -0.913351 -0.560035
22.9336 0.250731 -0.968057 -0.66147
23.2478 0.0698026 -0.997561 -0.720244
23.5619 -0.115197 -0.993343 -0.718788
23.8761 -0.283684 -0.958918 -0.662435
24.1903 -0.420167 -0.907447 -0.572687
24.5044 -0.516297 -0.85641 -0.477867
24.8186 -0.569451 -0.822025 -0.405668
25.1327 -0.579527 -0.814953 -0.377481
25.4469 -0.546331 -0.837569 -0.40303
25.7611 -0.469472 -0.882948 -0.475419
26.0752 -0.351027 -0.936365 -0.570141
26.3894 -0.198971 -0.980005 -0.652846
26.7035 -0.0281766 -0.999603 -0.694347
27.0177 0.142389 -0.989811 -0.682936
27.3319 0.29463 -0.955611 -0.626205
27.646 0.415377 -0.909649 -0.54475
27.9602 0.497582 -0.867417 -0.464161
28.2743 0.538796 -0.842436 -0.408453
28.5885 0.538534 -0.842604 -0.394725
28.9027 0.496549 -0.868009 -0.428211
29.2168 0.413359 -0.910568 -0.49864
29.531 0.292767 -0.956184 -0.581413
29.8451 0.144269 -0.989539 -0.646477
30.1593 -0.0170527 -0.999855 -0.671413
30.4734 -0.173644 -0.984809 -0.650133
30.7876 -0.309752 -0.950817 -0.592616
31.1018 -0.414399 -0.910095 -0.518865
31.4159 -0.481821 -0.876269 -0.451955
31.7301 -0.509888 -0.860241 -0.41222
32.0442 -0.498011 -0.867171 -0.412309
32.3584 -0.446216 -0.894925 -0.452903
32.6726 -0.356161 -0.934425 -0.520639
32.9867 -0.233356 -0.972391 -0.591355
33.3009 -0.0885848 -0.996069 -0.639532
33.615 0.063125 -0.998006 -0.649178
33.9292 0.20573 -0.978609 -0.619266
34.2434 0.325721 -0.945466 -0.561837
34.5575 0.414124 -0.910221 -0.496214
34.8717 0.466346 -0.884602 -0.442919
35.1858 0.480627 -0.876925 -0.418495
35.5 0.456515 -0.889716 -0.43105
35.8142 0.394632 -0.918839 -0.476908
36.1283 0.297974 -0.954574 -0.540302
36.4425 0.173672 -0.984804 -0.598365
36.7566 0.0334657 -0.99944 -0.630457
37.0708 -0.108013 -0.994149 -0.62657
37.385 -0.236365 -0.971664 -0.589987
37.6991 -0.340215 -0.940348 -0.53424
38.0133 -0.412373 -0.911015 -0.477662
38.3274 -0.449263 -0.893399 -0.438026
38.6416 -0.449533 -0.893264 -0.427928
38.9557 -0.413106 -0.910683 -0.450964
39.2699 -0.341493 -0.939884 -0.499587
39.5841 -0.239149 -0.970983 -0.556619
39.8982 -0.114634 -0.993408 -0.60146
40.2124 0.0197598 -0.999805 -0.618575
40.5265 0.150152 -0.988663 -0.603346
40.8407 0.263892 -0.964552 -0.562491
41.1549 0.351598 -0.936151 -0.510351
41.469 0.407625 -0.91315 -0.463844
41.7832 0.429267 -0.903177 -0.437719
42.0973 0.415647 -0.909526 -0.440501
42.4115 0.367304 -0.930101 -0.47149
42.7257 0.286875 -0.957968 -0.520048
43.0398 0.180282 -0.983615 -0.568759
43.354 0.0572187 -0.998362 -0.600175
43.6681 -0.0699133 -0.997553 -0.603865
43.9823 -0.188304 -0.982111 -0.579838
44.2965 -0.287098 -0.957901 -0.537318
44.6106 -0.358719 -0.933445 -0.490741
44.9248 -0.398839 -0.917021 -0.455143
45.2389 -0.405518 -0.914087 -0.441973
45.5531 -0.378457 -0.925619 -0.455667
45.8673 -0.319044 -0.94774 -0.491687
46.1814 -0.231193 -0.972908 -0.537335
46.4956 -0.122176 -0.992508 -0.57616
46.8097 -0.00243345 -0.999997 -0.594516
47.1239 0.115957 -0.993254 -0.586792
47.438 0.221499 -0.975161 -0.556742
47.7522 0.305105 -0.952319 -0.515168
48.0664 0.360796 -0.932645 -0.475903
48.3805 0.385353 -0.922769 -0.451647
48.6947 0.37756 -0.925985 -0.450335
49.0088 0.337839 -0.941204 -0.472482
49.323 0.268622 -0.963246 -0.510435
49.6372 0.175138 -0.984544 -0.550614
49.9513 0.0657659 -0.997835 -0.578611
50.2655 -0.0487372 -0.998812 -0.584905
50.5796 -0.157002 -0.987598 -0.568169
50.8938 -0.249 -0.968503 -0.534952
51.208 -0.317309 -0.948322 -0.496749
51.5221 -0.357334 -0.933977 -0.466142
51.8363 -0.366812 -0.930295 -0.453104
52.1504 -0.345275 -0.938502 -0.461979
52.4646 -0.294017 -0.9558 -0.489756
52.7788 -0.21664 -0.976252 -0.526619
53.0929 -0.119601 -0.992822 -0.55931
53.4071 -0.0120453 -0.999927 -0.576283
53.7212 0.0953824 -0.995441 -0.57211
54.0354 0.192325 -0.981331 -0.549021
54.3496 0.270276 -0.962783 -0.51541
54.6637 0.32333 -0.946286 -0.482646
54.9779 0.348081 -0.937465 -0.461493
55.292 0.343138 -0.939285 -0.458917
55.6062 0.308846 -0.951112 -0.475785
55.9203 0.247513 -0.968885 -0.506206
56.2345 0.163935 -0.986471 -0.539297
56.5487 0.0655872 -0.997847 -0.563203
56.8628 -0.0380075 -0.999277 -0.56971
57.177 -0.136708 -0.990611 -0.55715
57.4911 -0.221373 -0.975189 -0.530462
57.8053 -0.284984 -0.958532 -0.498978
58.1195 -0.322984 -0.946405 -0.473216
58.4336 -0.333005 -0.942925 -0.461667
58.7478 -0.314504 -0.949256 -0.468171
59.0619 -0.268734 -0.963214 -0.490461
59.3761 -0.199099 -0.979979 -0.520626
59.6903 -0.111502 -0.993764 -0.547831
60.0044 -0.0141404 -0.9999 -0.562458
60.3186 0.083492 -0.996508 -0.559738
60.6327 0.172069 -0.985085 -0.541186
60.9469 0.243762 -0.969835 -0.513571
61.2611 0.292953 -0.956127 -0.48633
61.5752 0.316267 -0.94867 -0.468521
61.8894 0.312279 -0.94999 -0.466049
62.2035 0.281321 -0.959614 -0.479709
62.5177 0.225639 -0.974211 -0.504682
62.8319 0.149732 -0.988727 -0.532025
63.146 0.060422 -0.998173 -0.551956
63.4602 -0.0337338 -0.999431 -0.557602
63.7743 -0.123632 -0.992328 -0.547429
64.0885 -0.200981 -0.979595 -0.52541
64.4026 -0.259277 -0.965803 -0.499285
64.7168 -0.294173 -0.955752 -0.47787
65.031 -0.303349 -0.95288 -0.468289
65.3451 -0.28628 -0.958146 -0.473726
65.6593 -0.244223 -0.969719 -0.492241
65.9734 -0.18046 -0.983582 -0.517237
66.2876 -0.100491 -0.994938 -0.539741
66.6018 -0.011777 -0.999931 -0.551805
66.9159 0.0771263 -0.997021 -0.549465
67.2301 0.157808 -0.98747 -0.533958
67.5442 0.223127 -0.974789 -0.510934
67.8584 0.267856 -0.963459 -0.488313
68.1726 0.288789 -0.957393 -0.473683
68.4867 0.284569 -0.958656 -0.471924
68.8009 0.255575 -0.966789 -0.483572
69.115 0.204035 -0.978964 -0.50448
69.4292 0.134238 -0.990949 -0.527154
69.7434 0.0524965 -0.998621 -0.543498
70.0575 -0.0334106 -0.999442 -0.547872
70.3717 -0.115268 -0.993334 -0.539078
70.6858 -0.185567 -0.982632 -0.520506
71 -0.238355 -0.971178 -0.498699
71.3142 -0.269589 -0.962976 -0.481066
71.6283 -0.277095 -0.960843 -0.473515
71.9425 -0.260436 -0.965491 -0.478553
72.2566 -0.220916 -0.975293 -0.494357
72.5708 -0.161741 -0.986833 -0.515272
72.8849 -0.0880964 -0.996112 -0.533801
73.1991 -0.00684984 -0.999977 -0.543411
73.5133 0.0742345 -0.997241 -0.540939
73.8274 0.147555 -0.989054 -0.527569
74.1416 0.20663 -0.978419 -0.508151
74.4557 0.246668 -0.9691 -0.489392
74.7699 0.264709 -0.964328 -0.477628
75.0841 0.259539 -0.965733 -0.476798
75.3982 0.231627 -0.972805 -0.487111
75.7124 0.183215 -0.983073 -0.504875
76.0265 0.118431 -0.992962 -0.523716
76.3407 0.0431732 -0.999068 -0.536922
76.6549 -0.0354329 -0.999372 -0.539943
76.969 -0.109941 -0.993938 -0.53198
77.2832 -0.17356 -0.984823 -0.516056
77.5973 -0.220883 -0.9753 -0.497783
77.9115 -0.248215 -0.968705 -0.483399
78.2257 -0.253595 -0.96731 -0.477751
78.5398 -0.236721 -0.971578 -0.482704
78.854 -0.198971 -0.980005 -0.496454
79.1681 -0.143501 -0.98965 -0.514069
79.4823 -0.0752425 -0.997165 -0.529241
79.7965 -0.000559229 -1 -0.536636
80.1106 0.0734656 -0.997298 -0.533829
80.4248 0.13995 -0.990159 -0.522046
80.7389 0.193034 -0.981192 -0.505542
81.0531 0.228372 -0.973574 -0.490031
81.3672 0.243292 -0.969953 -0.480778
81.6814 0.236766 -0.971567 -0.480887
81.9956 0.209387 -0.977833 -0.490242
82.3097 0.163427 -0.986555 -0.50548
82.6239 0.102885 -0.994693 -0.521134
82.938 0.0333046 -0.999445 -0.531638
83.2522 -0.0387547 -0.999249 -0.533387
83.5664 -0.106524 -0.99431 -0.525971
83.8805 -0.163865 -0.986483 -0.512168
84.1947 -0.205895 -0.978574 -0.496836
84.5088 -0.22929 -0.973358 -0.48523
84.823 -0.23233 -0.972637 -0.481273
85.1372 -0.214882 -0.97664 -0.486259
85.4513 -0.178413 -0.983956 -0.498368
85.7655 -0.126049 -0.992024 -0.513249
86.0796 -0.0624957 -0.998045 -0.525582
86.3938 0.00632121 -0.99998 -0.531044
86.708 0.0739188 -0.997264 -0.527862
87.0221 0.134062 -0.990973 -0.517338
87.3363 0.181464 -0.983398 -0.503252
87.6504 0.212223 -0.977221 -0.49049
87.9646 0.223973 -0.974595 -0.483399
88.2788 0.2159 -0.976416 -0.484357
88.5929 0.188731 -0.982029 -0.492955
88.9071 0.144784 -0.989463 -0.506094
89.2212 0.0879414 -0.996126 -0.519062
89.5354 0.0234323 -0.999725 -0.527263
89.8495 -0.0426862 -0.999089 -0.527893
90.1637 -0.10425 -0.994551 -0.520895
90.4779 -0.155716 -0.987802 -0.508858
90.792 -0.192699 -0.981258 -0.496012
91.1062 -0.212245 -0.977217 -0.486772
91.4203 -0.212896 -0.977075 -0.484269
91.7345 -0.194698 -0.980863 -0.489299
92.0487 -0.159217 -0.987244 -0.500028
92.3628 -0.109553 -0.993981 -0.512598
92.677 -0.0502075 -0.998739 -0.522525
92.9911 0.013288 -0.999912 -0.526341
93.3053 0.074989 -0.997184 -0.522829
93.6195 0.129244 -0.991613 -0.513365
93.9336 0.171301 -0.985219 -0.501334
94.2478 0.197681 -0.980266 -0.490912
94.5619 0.206331 -0.978482 -0.485657
94.8761 0.196659 -0.980472 -0.487326
95.1903 0.169538 -0.985524 -0.495265
95.5044 0.127327 -0.991861 -0.50661
95.8186 0.0738019 -0.997273 -0.517297
96.1327 0.013902 -0.999903 -0.523548
96.4469 -0.0467702 -0.998906 -0.523241
96.7611 -0.102597 -0.994723 -0.516617
97.0752 -0.14858 -0.9889 -0.506098
97.3894 -0.180801 -0.98352 -0.495379
97.7035 -0.196666 -0.98047 -0.488149
98.0177 -0.194984 -0.980806 -0.486858
98.3319 -0.175985 -0.984393 -0.491891
98.646 -0.141333 -0.989962 -0.501411
98.9602 -0.0940996 -0.995563 -0.511999
99.2743 -0.038595 -0.999255 -0.519884
99.5885 0.0200134 -0.9998 -0.522325
99.9026 0.0762701 -0.997087 -0.518569
100.217 0.125056 -0.99215 -0.510046
100.531 0.162109 -0.986773 -0.499792
100.845 0.184357 -0.982859 -0.491367
101.159 0.190053 -0.981774 -0.487652
101.473 0.178829 -0.98388 -0.489879
101.788 0.151699 -0.988427 -0.497203
102.102 0.11106 -0.993814 -0.506982
102.416 0.0605824 -0.998163 -0.515717
102.73 0.00493242 -0.999988 -0.520332
103.044 -0.0507052 -0.998714 -0.519274
103.358 -0.101212 -0.994865 -0.513022
103.673 -0.142088 -0.989854 -0.503843
103.987 -0.16985 -0.98547 -0.494957
104.301 -0.182253 -0.983252 -0.489425
104.615 -0.178366 -0.983964 -0.48912
104.929 -0.158599 -0.987343 -0.494088
105.243 -0.124707 -0.992194 -0.502519
105.558 -0.0797293 -0.996817 -0.511388
105.872 -0.0277887 -0.999614 -0.517546
106.186 0.026287 -0.999654 -0.518861
106.5 0.0774919 -0.996993 -0.514961
106.814 0.121193 -0.992629 -0.507301
107.128 0.153585 -0.988135 -0.498602
107.442 0.171973 -0.985102 -0.491883
107.757 0.174911 -0.984584 -0.489442
108.071 0.162243 -0.986751 -0.492076
108.385 0.13512 -0.990829 -0.498801
108.699 0.0959671 -0.995385 -0.507193
109.013 0.0483445 -0.998831 -0.514256
109.327 -0.00334211 -0.999994 -0.517511
109.642 -0.0542962 -0.998525 -0.515878
109.956 -0.0998575 -0.995002 -0.510016
110.27 -0.135985 -0.990711 -0.502038
110.584 -0.159601 -0.987182 -0.494738
110.898 -0.16879 -0.985652 -0.490633
111.212 -0.162869 -0.986648 -0.491106
111.527 -0.142423 -0.989806 -0.495936
111.841 -0.109286 -0.99401 -0.503368
112.155 -0.0664519 -0.99779 -0.51074
112.469 -0.0178617 -0.99984 -0.51544
112.783 0.0319786 -0.999489 -0.515853
113.097 0.0784789 -0.996916 -0.511909
113.411 0.117455 -0.993078 -0.505059
113.726 0.145519 -0.989355 -0.497729
114.04 0.160336 -0.987063 -0.492463
114.354 0.160737 -0.986997 -0.49106
114.668 0.146777 -0.98917 -0.49396
114.982 0.119725 -0.992807 -0.500091
115.296 0.0820215 -0.996631 -0.507246
115.611 0.0371138 -0.999311 -0.512876
115.925 -0.010845 -0.999941 -0.515014
116.239 -0.057422 -0.99835 -0.512966
116.553 -0.0983804 -0.995149 -0.50752
116.867 -0.130101 -0.991501 -0.500628
117.181 -0.149885 -0.988703 -0.494702
117.496 -0.156122 -0.987738 -0.491784
117.81 -0.14837 -0.988932 -0.492848
118.124 -0.127368 -0.991855 -0.497473
118.438 -0.0950164 -0.995476 -0.503982
118.752 -0.054258 -0.998527 -0.510046
119.066 -0.00884779 -0.999961 -0.513525
119.381 0.0370134 -0.999315 -0.513233
119.695 0.0791226 -0.996865 -0.509336
120.009 0.113708 -0.993514 -0.503253
120.323 0.137772 -0.990464 -0.497133
120.637 0.149308 -0.988791 -0.493099
120.951 0.147416 -0.989075 -0.492525
121.265 0.132335 -0.991205 -0.495567
121.58 0.105446 -0.994425 -0.501107
121.894 0.0691897 -0.997604 -0.507156
122.208 0.0268915 -0.999638 -0.511563
122.522 -0.0175397 -0.999846 -0.512797
122.836 -0.0600139 -0.998198 -0.510474
123.15 -0.0966861 -0.995315 -0.505466
123.465 -0.124327 -0.992241 -0.49956
123.779 -0.140587 -0.990068 -0.494821
124.093 -0.144145 -0.989557 -0.492878
124.407 -0.134775 -0.990876 -0.494372
124.721 -0.113361 -0.993554 -0.498734
125.035 -0.0818515 -0.996645 -0.504386
125.35 -0.0431255 -0.99907 -0.509311
125.664 -0.000753398 -1 -0.511776
125.978 0.0413561 -0.999144 -0.510952
126.292 0.0793618 -0.996846 -0.507179
126.606 0.109874 -0.993946 -0.501823
126.92 0.130253 -0.991481 -0.49677
127.235 0.138801 -0.99032 -0.493772
127.549 0.13486 -0.990865 -0.493845
127.863 0.118847 -0.992913 -0.496923
128.177 0.0922285 -0.995738 -0.501881
128.491 0.057434 -0.998349 -0.506941
128.805 0.017662 -0.999844 -0.510311
129.119 -0.0234182 -0.999726 -0.510826
129.434 -0.0620399 -0.998074 -0.508349
129.748 -0.0947223 -0.995504 -0.503795
130.062 -0.118597 -0.992942 -0.498782
130.376 -0.131636 -0.991298 -0.495062
130.69 -0.132784 -0.991145 -0.49391
131.004 -0.122018 -0.992528 -0.495694
131.319 -0.100344 -0.994953 -0.499748
131.633 -0.0697441 -0.997565 -0.504609
131.947 -0.0330231 -0.999455 -0.508546
132.261 0.00643431 -0.999979 -0.51018
132.575 0.0449995 -0.998987 -0.508971
132.889 0.0791696 -0.996861 -0.505386
133.204 0.105908 -0.994376 -0.500715
133.518 0.122907 -0.992418 -0.4966
133.832 0.128753 -0.991677 -0.494465
134.146 0.123012 -0.992405 -0.495028
134.46 0.106255 -0.994339 -0.498054
134.774 0.0800216 -0.996793 -0.502444
135.088 0.0467139 -0.998908 -0.506625
135.403 0.00939712 -0.999956 -0.509122
135.717 -0.0284927 -0.999594 -0.509078
136.031 -0.0634947 -0.997982 -0.506547
136.345 -0.0924672 -0.995716 -0.502453
136.659 -0.112875 -0.993609 -0.498247
136.973 -0.122986 -0.992408 -0.495395
137.288 -0.121991 -0.992531 -0.494873
137.602 -0.110047 -0.993926 -0.496831
137.916 -0.0882676 -0.996097 -0.500545
138.23 -0.0586494 -0.998279 -0.50468
138.544 -0.0239132 -0.999714 -0.507766
138.858 0.0127421 -0.999919 -0.508728
139.173 0.0479561 -0.998849 -0.507259
139.487 0.0785432 -0.996911 -0.50391
139.801 0.101795 -0.994805 -0.49988
140.115 0.115707 -0.993283 -0.496583
140.429 0.119129 -0.992879 -0.495158
140.743 0.11183 -0.993727 -0.496076
141.058 0.0945152 -0.995523 -0.498983
141.372 0.0687799 -0.997632 -0.502825
141.686 0.0369863 -0.999316 -0.50623
142 0.00206017 -0.999998 -0.508001
142.314 -0.0327897 -0.999462 -0.507536
142.628 -0.0643919 -0.997925 -0.505031
142.942 -0.0899204 -0.995949 -0.501395
143.257 -0.107147 -0.994243 -0.497911
143.571 -0.114614 -0.99341 -0.495793
143.885 -0.111734 -0.993738 -0.495761
144.199 -0.098825 -0.995105 -0.497796
144.513 -0.077089 -0.997024 -0.501152
144.827 -0.0485226 -0.998822 -0.504626
145.142 -0.0157529 -0.999876 -0.506986
145.456 0.0182067 -0.999834 -0.507415
145.77 0.0502527 -0.998737 -0.505789
146.084 0.0774968 -0.996993 -0.50271
146.398 0.0975339 -0.995232 -0.499273
146.712 0.108642 -0.994081 -0.496684
147.027 0.109907 -0.993942 -0.495834
147.341 0.101282 -0.994858 -0.496995
147.655 0.0835895 -0.9965 -0.499731
147.969 0.0584608 -0.99829 -0.503053
148.283 0.0282061 -0.999602 -0.505779
148.597 -0.00439205 -0.99999 -0.506953
148.911 -0.036346 -0.999339 -0.506183
149.226 -0.0647582 -0.997901 -0.503768
149.54 -0.0870964 -0.9962 -0.500577
149.854 -0.101416 -0.994844 -0.497736
150.168 -0.106509 -0.994312 -0.49623
150.482 -0.101991 -0.994785 -0.496568
150.796 -0.088321 -0.996092 -0.498603
151.111 -0.0667695 -0.997768 -0.501595
151.425 -0.0393196 -0.999227 -0.504472
151.739 -0.00849599 -0.999964 -0.506219
152.053 0.0228717 -0.999738 -0.506234
152.367 0.0519258 -0.998651 -0.504537
152.681 0.0760567 -0.997103 -0.501747
152.996 0.0931403 -0.995653 -0.498856
153.31 0.101712 -0.994814 -0.496874
153.624 0.101076 -0.994879 -0.49648
153.938 0.0913468 -0.995819 -0.49779
154.252 0.0734453 -0.997299 -0.500318
154.566 0.049023 -0.998798 -0.503154
154.881 0.0203265 -0.999793 -0.50529
155.195 -0.0100072 -0.99995 -0.505982
155.509 -0.0392056 -0.999231 -0.505005
155.823 -0.0646294 -0.997909 -0.502727
156.137 -0.0840201 -0.996464 -0.499963
156.451 -0.0956938 -0.995411 -0.497686
156.765 -0.098672 -0.99512 -0.496685
157.08 -0.0927503 -0.995689 -0.49729
157.394 -0.0785099 -0.996913 -0.499267
157.708 -0.0572731 -0.998359 -0.501898
158.022 -0.0309956 -0.99952 -0.504243
158.336 -0.00209332 -0.999998 -0.505478
158.65 0.0267858 -0.999641 -0.505182
158.965 0.0530188 -0.998594 -0.50348
159.279 0.0742571 -0.997239 -0.50099
159.593 0.0886362 -0.996064 -0.498592
159.907 0.0949282 -0.995484 -0.497124
160.221 0.0926322 -0.9957 -0.497085
160.535 0.0820075 -0.996632 -0.498468
160.85 0.0640529 -0.997947 -0.500765
161.164 0.0404257 -0.999183 -0.503152
161.478 0.0132997 -0.999912 -0.504783
161.792 -0.0148362 -0.99989 -0.505092
162.106 -0.0414168 -0.999142 -0.503989
162.42 -0.0640473 -0.997947 -0.501881
162.734 -0.080723 -0.996737 -0.499519
163.049 -0.0900002 -0.995942 -0.497733
163.363 -0.0911078 -0.995841 -0.49714
163.677 -0.0840025 -0.996466 -0.497928
163.991 -0.0693688 -0.997591 -0.499802
164.305 -0.0485645 -0.99882 -0.502083
164.619 -0.0235056 -0.999724 -0.503959
164.934 0.00350586 -0.999994 -0.504774
165.248 0.0300006 -0.99955 -0.504253
165.562 0.0535791 -0.998564 -0.502599
165.876 0.0721369 -0.997395 -0.500406
166.19 0.0840494 -0.996462 -0.49845
166.504 0.0883043 -0.996094 -0.497411
166.819 0.0845763 -0.996417 -0.49764
167.133 0.0732493 -0.997314 -0.499036
167.447 0.0553836 -0.998465 -0.501091
167.761 0.0326285 -0.999468 -0.503069
168.075 0.00707662 -0.999975 -0.504273
168.389 -0.0189315 -0.999821 -0.504286
168.704 -0.0430309 -0.999074 -0.503121
169.018 -0.0630568 -0.99801 -0.501203
169.332 -0.0772403 -0.997013 -0.499214
169.646 -0.0843576 -0.996436 -0.497851
169.96 -0.0838252 -0.99648 -0.49758
170.274 -0.0757415 -0.997127 -0.498482
170.588 -0.0608769 -0.998145 -0.500221
170.903 -0.040609 -0.999175 -0.502171
171.217 -0.0168042 -0.999859 -0.503639
171.531 0.00835347 -0.999965 -0.504114
171.845 0.0325692 -0.999469 -0.503441
172.159 0.0536563 -0.998559 -0.501872
172.473 0.0697378 -0.997565 -0.49997
172.788 0.0794103 -0.996842 -0.498404
173.102 0.0818572 -0.996644 -0.497719
173.416 0.0769101 -0.997038 -0.49814
173.73 0.0650587 -0.997881 -0.499503
174.044 0.0474094 -0.998876 -0.501314
174.358 0.0255909 -0.999673 -0.502926
174.673 0.00160783 -0.999999 -0.503772
174.987 -0.0223468 -0.99975 -0.503563
175.301 -0.0441007 -0.999027 -0.502388
175.615 -0.0617049 -0.998094 -0.500671
175.929 -0.0736091 -0.997287 -0.499022
176.243 -0.0787905 -0.996891 -0.498016
176.558 -0.076834 -0.997044 -0.497997
176.872 -0.0679619 -0.997688 -0.498955
177.186 -0.053013 -0.998594 -0.500539
177.5 -0.0333718 -0.999443 -0.502181
177.814 -0.0108456 -0.999941 -0.503299
178.128 0.0125018 -0.999922 -0.503505
178.442 0.0345457 -0.999403 -0.502738
178.757 0.0533008 -0.998578 -0.501282
179.071 0.0671025 -0.997746 -0.499655
179.385 0.0747502 -0.997202 -0.498431
179.699 0.0756046 -0.997138 -0.49803
180.013 0.0696359 -0.997572 -0.498583
180.327 0.0574225 -0.99835 -0.499879
180.642 0.0401021 -0.999196 -0.50145
180.956 0.0192719 -0.999814 -0.502738
181.27 -0.00315635 -0.999995 -0.50329
181.584 -0.025136 -0.999684 -0.502922
181.898 -0.0446787 -0.999001 -0.501776
182.212 -0.0600385 -0.998196 -0.500263
182.527 -0.0698667 -0.997556 -0.498919
182.841 -0.0733235 -0.997308 -0.498213
183.155 -0.0701444 -0.997537 -0.498381
183.469 -0.0606579 -0.998159 -0.499352
183.783 -0.0457562 -0.998953 -0.500771
184.097 -0.0268179 -0.99964 -0.502131
184.411 -0.00558402 -0.999984 -0.502951
184.726 0.0160032 -0.999872 -0.502949
185.04 0.0359837 -0.999352 -0.502137
185.354 0.0525629 -0.998618 -0.50081
185.668 0.0642732 -0.997932 -0.499441
185.982 0.0701 -0.99754 -0.498509
186.296 0.0695637 -0.997578 -0.498335
186.611 0.0627554 -0.998029 -0.498968
186.925 0.0503267 -0.998733 -0.500173
187.239 0.0334329 -0.999441 -0.501516
187.553 0.0136306 -0.999907 -0.502521
187.867 -0.0072654 -0.999974 -0.502836
188.181 -0.0273521 -0.999626 -0.502361
188.496 -0.044817 -0.998995 -0.501271
188.81 -0.0581038 -0.998311 -0.499959
189.124 -0.0660495 -0.997816 -0.498886
189.438 -0.0679804 -0.997687 -0.498425
189.752 -0.0637653 -0.997965 -0.498728
190.066 -0.0538229 -0.99855 -0.499677
190.381 -0.0390844 -0.999236 -0.500928
190.695 -0.0209118 -0.999781 -0.502034
191.009 -0.000973839 -1 -0.502606
191.323 0.0189091 -0.999821 -0.50245
191.637 0.036936 -0.999318 -0.501629
191.951 0.0514915 -0.998673 -0.500441
192.265 0.0612909 -0.99812 -0.499307
192.58 0.0654894 -0.997853 -0.498624
192.894 0.0637502 -0.997966 -0.498624
193.208 0.0562693 -0.998416 -0.499297
193.522 0.0437564 -0.999042 -0.500395
193.836 0.0273728 -0.999625 -0.501525
194.15 0.00862605 -0.999963 -0.502286
194.465 -0.0107682 -0.999942 -0.502415
194.779 -0.0290475 -0.999578 -0.501874
195.093 -0.0445662 -0.999006 -0.500862
195.407 -0.0559453 -0.998434 -0.499741
195.721 -0.0621922 -0.998064 -0.498904
196.035 -0.0627832 -0.998027 -0.498642
196.35 -0.0577042 -0.998334 -0.499036
196.664 -0.0474489 -0.998874 -0.499939
196.978 -0.032975 -0.999456 -0.501024
197.292 -0.015618 -0.999878 -0.501905
197.606 0.00303027 -0.999995 -0.502273
197.92 0.0212703 -0.999774 -0.502006
198.234 0.0374535 -0.999298 -0.501205
198.549 0.0501335 -0.998743 -0.500159
198.863 0.0581946 -0.998305 -0.499237
199.177 0.060946 -0.998141 -0.498761
199.491 0.058178 -0.998306 -0.498891
199.805 0.0501763 -0.99874 -0.499572
200.119 0.0376955 -0.999289 -0.500556
200.434 0.0218917 -0.99976 -0.50149
200.748 0.00421727 -0.999991 -0.502045
201.062 -0.0137129 -0.999906 -0.50203
201.376 -0.0302727 -0.999542 -0.501458
201.69 -0.043975 -0.999033 -0.500537
202.004 -0.0536053 -0.998562 -0.499594
202.319 -0.0583272 -0.998298 -0.49896
202.633 -0.0577516 -0.998331 -0.498854
202.947 -0.0519664 -0.998649 -0.499304
203.261 -0.0415265 -0.999137 -0.500142
203.575 -0.027404 -0.999624 -0.501069
203.889 -0.0109005 -0.999941 -0.501753
204.204 0.00647292 -0.999979 -0.501958
204.518 0.0231359 -0.999732 -0.501617
204.832 0.0375856 -0.999293 -0.500857
205.146 0.0485339 -0.998822 -0.499949
205.46 0.0550207 -0.998485 -0.499216
205.774 0.0564948 -0.998403 -0.49891
206.088 0.0528586 -0.998602 -0.499133
206.403 0.0444735 -0.999011 -0.499798
206.717 0.0321265 -0.999484 -0.500664
207.031 0.0169592 -0.999856 -0.501422
207.345 0.000363785 -1 -0.501805
207.659 -0.0161463 -0.99987 -0.501684
207.973 -0.0310766 -0.999517 -0.501107
208.288 -0.0430896 -0.999071 -0.500282
208.602 -0.0511235 -0.998692 -0.499503
208.916 -0.0544844 -0.998515 -0.499042
209.23 -0.0529029 -0.9986 -0.499056
209.544 -0.0465551 -0.998916 -0.499532
209.858 -0.0360444 -0.99935 -0.500296
210.173 -0.022347 -0.99975 -0.501073
210.487 -0.00672346 -0.999977 -0.50159
210.801 0.00939786 -0.999956 -0.501666
211.115 0.0245533 -0.999699 -0.50128
211.429 0.0373791 -0.999301 -0.500574
211.743 0.0467347 -0.998907 -0.499801
212.058 0.0518028 -0.998657 -0.499231
212.372 0.0521581 -0.998639 -0.499062
212.686 0.0478012 -0.998857 -0.499347
213 0.0391559 -0.999233 -0.499979
213.314 0.0270307 -0.999635 -0.500729
213.628 0.0125447 -0.999921 -0.50133
213.942 -0.00297436 -0.999996 -0.501573
214.257 -0.0181137 -0.999836 -0.501376
214.571 -0.0315058 -0.999504 -0.500814
214.885 -0.0419536 -0.99912 -0.500089
215.199 -0.0485367 -0.998821 -0.499457
215.513 -0.0506903 -0.998714 -0.49914
215.827 -0.0482516 -0.998835 -0.499242
216.142 -0.0414714 -0.99914 -0.499723
216.456 -0.0309899 -0.99952 -0.500406
216.77 -0.0177785 -0.999842 -0.501047
217.084 -0.00305128 -0.999995 -0.501421
217.398 0.0118476 -0.99993 -0.501398
217.712 0.0255682 -0.999673 -0.500992
218.027 0.0368783 -0.99932 -0.50035
218.341 0.0447751 -0.998997 -0.499701
218.655 0.0485717 -0.99882 -0.499273
218.969 0.0479554 -0.998849 -0.499211
219.283 0.0430122 -0.999075 -0.499533
219.597 0.0342165 -0.999414 -0.500119
219.911 0.0223882 -0.999749 -0.500758
220.226 0.00861719 -0.999963 -0.501223
220.54 -0.00583633 -0.999983 -0.501353
220.854 -0.0196588 -0.999807 -0.501106
221.168 -0.0316044 -0.9995 -0.500573
221.482 -0.0406079 -0.999175 -0.499946
221.796 -0.0458787 -0.998947 -0.499445
222.111 -0.046969 -0.998896 -0.499245
222.425 -0.0438095 -0.99904 -0.499411
222.739 -0.0367139 -0.999326 -0.499879
223.053 -0.0263487 -0.999653 -0.500479
223.367 -0.0136727 -0.999907 -0.500997
223.681 0.000151292 -1 -0.501252
223.996 0.0138635 -0.999904 -0.501157
224.31 0.0262239 -0.999656 -0.500749
224.624 0.0361249 -0.999347 -0.500176
224.938 0.0426911 -0.999088 -0.499641
225.252 0.0453547 -0.998971 -0.499332
225.566 0.0439033 -0.999036 -0.499353
225.881 0.0384958 -0.999259 -0.499691
226.195 0.0296467 -0.99956 -0.500224
226.509 0.0181783 -0.999835 -0.500759
226.823 0.00514575 -0.999987 -0.501107
227.137 -0.00826028 -0.999966 -0.501149
227.451 -0.0208237 -0.999783 -0.500873
227.765 -0.0314143 -0.999506 -0.500379
228.08 -0.0390901 -0.999236 -0.499846
228.394 -0.0431801 -0.999067 -0.499459
228.708 -0.043341 -0.99906 -0.499352
229.022 -0.0395856 -0.999216 -0.49956
229.336 -0.0322793 -0.999479 -0.500003
229.65 -0.0221054 -0.999756 -0.500521
229.965 -0.0100031 -0.99995 -0.500932
230.279 0.00291887 -0.999996 -0.50109
230.593 0.0154852 -0.99988 -0.500943
230.907 0.0265615 -0.999647 -0.500547
231.221 0.0351576 -0.999382 -0.500044
231.535 0.0405158 -0.999179 -0.499612
231.85 0.0421763 -0.99911 -0.499402
232.164 0.0400153 -0.999199 -0.499483
232.478 0.0342537 -0.999413 -0.499823
232.792 0.0254359 -0.999676 -0.500298
233.106 0.0143794 -0.999897 -0.500738
233.42 0.00209968 -0.999998 -0.500988
233.734 -0.0102832 -0.999947 -0.500962
234.049 -0.021648 -0.999766 -0.500673
234.363 -0.0309744 -0.99952 -0.500226
234.677 -0.0374352 -0.999299 -0.499779
234.991 -0.0404682 -0.999181 -0.49949
235.305 -0.0398241 -0.999207 -0.499457
235.619 -0.0355865 -0.999367 -0.499689
235.934 -0.0281621 -0.999603 -0.500098
236.248 -0.0182431 -0.999834 -0.500539
236.562 -0.00674341 -0.999977 -0.500855
236.876 0.00528529 -0.999986 -0.500936
237.19 0.0167506 -0.99986 -0.500756
237.504 0.0266197 -0.999646 -0.500382
237.819 0.0340123 -0.999421 -0.499948
238.133 0.0382792 -0.999267 -0.499607
238.447 0.0390578 -0.999237 -0.499477
238.761 0.0363023 -0.999341 -0.4996
239.075 0.0302854 -0.999541 -0.49993
239.389 0.0215725 -0.999767 -0.500347
239.704 0.0109695 -0.99994 -0.500701
240.018 -0.000551282 -1 -0.500869
240.332 -0.0119408 -0.999929 -0.500795
240.646 -0.0221695 -0.999754 -0.500506
240.96 -0.0303212 -0.99954 -0.500107
241.274 -0.0356748 -0.999363 -0.49974
241.588 -0.0377674 -0.999287 -0.499533
241.903 -0.0364332 -0.999336 -0.499557
242.217 -0.0318161 -0.999494 -0.499798
242.531 -0.0243553 -0.999703 -0.500169
242.845 -0.0147443 -0.999891 -0.500538
243.159 -0.00386701 -0.999993 -0.500772
243.473 0.00728339 -0.999973 -0.500793
243.788 0.0176961 -0.999843 -0.500594
244.102 0.0264347 -0.999651 -0.500249
244.416 0.032722 -0.999464 -0.49988
244.73 0.036008 -0.999352 -0.499618
245.044 0.0360175 -0.999351 -0.499553
245.358 0.0327726 -0.999463 -0.499704
245.673 0.0265883 -0.999646 -0.500015
245.987 0.0180432 -0.999837 -0.500374
246.301 0.00792606 -0.999969 -0.500653
246.615 -0.00283685 -0.999996 -0.500755
246.929 -0.0132671 -0.999912 -0.500646
247.243 -0.0224237 -0.999749 -0.500366
247.558 -0.0294882 -0.999565 -0.500018
247.872 -0.0338377 -0.999427 -0.499722
248.186 -0.0350991 -0.999384 -0.499584
248.5 -0.0331803 -0.999449 -0.499648
248.814 -0.0282763 -0.9996 -0.499889
249.128 -0.0208502 -0.999783 -0.500219
249.442 -0.0115907 -0.999933 -0.500521
249.757 -0.00134771 -0.999999 -0.500688
250.071 0.00894493 -0.99996 -0.500662
250.385 0.0183558 -0.999832 -0.500456
250.699 0.0260403 -0.999661 -0.500144
251.013 0.0313168 -0.99951 -0.499837
251.327 0.0337261 -0.999431 -0.499642
251.642 0.033071 -0.999453 -0.499627
251.956 0.029432 -0.999567 -0.499794
252.27 0.023158 -0.999732 -0.50008
252.584 0.0148339 -0.99989 -0.500384
252.898 0.00522654 -0.999986 -0.500598
253.212 -0.00478596 -0.999989 -0.500647
253.527 -0.0142949 -0.999898 -0.500516
253.841 -0.0224439 -0.999748 -0.500253
254.155 -0.0285064 -0.999594 -0.499953
254.469 -0.0319498 -0.999489 -0.499721
254.783 -0.0324819 -0.999472 -0.499637
255.097 -0.030075 -0.999548 -0.49973
255.411 -0.0249667 -0.999688 -0.499962
255.726 -0.0176369 -0.999844 -0.500251
256.04 -0.00876342 -0.999962 -0.500493
256.354 0.000840345 -1 -0.500604
256.668 0.0103004 -0.999947 -0.500545
256.982 0.0187621 -0.999824 -0.50034
257.296 0.0254677 -0.999676 -0.500063
257.611 0.029824 -0.999555 -0.499812
257.925 0.0314545 -0.999505 -0.499674
258.239 0.0302311 -0.999543 -0.499697
258.553 0.0262841 -0.999655 -0.499869
258.867 0.0199886 -0.9998 -0.500128
259.181 0.0119297 -0.999929 -0.500381
259.496 0.00284837 -0.999996 -0.500539
259.81 -0.00642666 -0.999979 -0.500547
260.124 -0.015055 -0.999887 -0.500404
260.438 -0.0222611 -0.999752 -0.500162
260.752 -0.027404 -0.999624 -0.499908
261.066 -0.030034 -0.999549 -0.499731
261.381 -0.0299314 -0.999552 -0.499691
261.695 -0.0271245 -0.999632 -0.499802
262.009 -0.0218853 -0.99976 -0.50002
262.323 -0.0147041 -0.999892 -0.500269
262.637 -0.00624344 -0.999981 -0.500458
262.951 0.00272247 -0.999996 -0.500523
263.265 0.011379 -0.999935 -0.500442
263.58 0.0189454 -0.999821 -0.500245
263.894 0.0247456 -0.999694 -0.500003
264.208 0.0282683 -0.9996 -0.499801
264.522 0.0292115 -0.999573 -0.49971
264.836 0.0275082 -0.999622 -0.499761
265.15 0.0233305 -0.999728 -0.499932
265.465 0.0170727 -0.999854 -0.500161
265.779 0.00931496 -0.999957 -0.500368
266.093 0.000769205 -1 -0.500479
266.407 -0.00778598 -0.99997 -0.500456
266.721 -0.0155767 -0.999879 -0.500308
267.035 -0.0219041 -0.99976 -0.50009
267.35 -0.0262069 -0.999657 -0.499879
267.664 -0.0281109 -0.999605 -0.499749
267.978 -0.027461 -0.999623 -0.499744
268.292 -0.0243336 -0.999704 -0.499864
268.606 -0.0190285 -0.999819 -0.500065
268.92 -0.0120399 -0.999928 -0.500274
269.234 -0.00401149 -0.999992 -0.500418
269.549 0.00432328 -0.999991 -0.500447
269.863 0.0122083 -0.999925 -0.500352
270.177 0.0189339 -0.999821 -0.500167
270.491 0.0239004 -0.999714 -0.499959
270.805 0.0266716 -0.999644 -0.499802
271.119 0.0270129 -0.999635 -0.499749
271.434 0.0249104 -0.99969 -0.499818
271.748 0.0205708 -0.999788 -0.499982
272.062 0.0144018 -0.999896 -0.500182
272.376 0.00697372 -0.999976 -0.500347
272.69 -0.00103293 -0.999999 -0.500419
273.004 -0.00888982 -0.99996 -0.500374
273.319 -0.0158875 -0.999874 -0.500229
273.633 -0.0213994 -0.999771 -0.500036
273.947 -0.0249381 -0.999689 -0.499864
274.261 -0.0261981 -0.999657 -0.499772
274.575 -0.0250814 -0.999685 -0.499793
274.889 -0.0217055 -0.999764 -0.499916
275.204 -0.0163909 -0.999866 -0.500097
275.518 -0.00963146 -0.999954 -0.500271
275.832 -0.00204842 -0.999998 -0.500376
276.146 0.00566657 -0.999984 -0.500377
276.46 0.0128148 -0.999918 -0.500274
276.774 0.018754 -0.999824 -0.500105
277.088 0.022956 -0.999736 -0.49993
277.403 0.0250535 -0.999686 -0.49981
277.717 0.024872 -0.999691 -0.499787
278.031 0.0224436 -0.999748 -0.499868
278.345 0.0180033 -0.999838 -0.500021
278.659 0.0119664 -0.999928 -0.500193
278.973 0.00488972 -0.999988 -0.500322
279.288 -0.0025795 -0.999997 -0.500362
279.602 -0.00976291 -0.999952 -0.500302
279.916 -0.0160129 -0.999872 -0.500163
280.23 -0.0207713 -0.999784 -0.499995
280.544 -0.0236186 -0.999721 -0.499858
280.858 -0.0243111 -0.999704 -0.499799
281.173 -0.0228014 -0.99974 -0.499837
281.487 -0.0192412 -0.999815 -0.499959
281.801 -0.0139664 -0.999902 -0.500119
282.115 -0.00746558 -0.999972 -0.50026
282.429 -0.000335268 -1 -0.500333
282.743 0.00677525 -0.999977 -0.500313
283.057 0.0132231 -0.999913 -0.500208
283.372 0.0184299 -0.99983 -0.500056
283.686 0.0219341 -0.999759 -0.499911
284 0.0234311 -0.999725 -0.499824
284.314 0.0227998 -0.99974 -0.499824
284.628 0.020112 -0.999798 -0.499911
284.942 0.0156248 -0.999878 -0.500051
285.257 0.00975625 -0.999952 -0.500196
285.571 0.00304664 -0.999995 -0.500293
285.885 -0.00389137 -0.999992 -0.500309
286.199 -0.0104287 -0.999946 -0.500239
286.513 -0.0159771 -0.999872 -0.50011
286.827 -0.020042 -0.999799 -0.499966
287.142 -0.0222667 -0.999752 -0.499859
287.456 -0.0224632 -0.999748 -0.499826
287.77 -0.0206278 -0.999787 -0.499877
288.084 -0.0169406 -0.999856 -0.499993
288.398 -0.0117475 -0.999931 -0.500132
288.712 -0.00552864 -0.999985 -0.500245
289.027 0.00114659 -0.999999 -0.500291
289.341 0.00767123 -0.999971 -0.500256
289.655 0.0134563 -0.999909 -0.500153
289.969 0.0179841 -0.999838 -0.500019
290.283 0.0208544 -0.999783 -0.499901
290.597 0.0218194 -0.999762 -0.499841
290.911 0.0208055 -0.999784 -0.499859
291.226 0.0179179 -0.999839 -0.499947
291.54 0.0134306 -0.99991 -0.500073
291.854 0.00776043 -0.99997 -0.500192
292.168 0.00142823 -0.999999 -0.500263
292.482 -0.00498866 -0.999988 -0.50026
292.796 -0.0109093 -0.99994 -0.500186
293.111 -0.015802 -0.999875 -0.500067
293.425 -0.0192317 -0.999815 -0.499946
293.739 -0.0208989 -0.999782 -0.499866
294.053 -0.0206654 -0.999786 -0.499853
294.367 -0.0185654 -0.999828 -0.499912
294.681 -0.0148018 -0.99989 -0.50002
294.996 -0.00972629 -0.999953 -0.500139
295.31 -0.00380684 -0.999993 -0.500226
295.624 0.00241532 -0.999997 -0.500251
295.938 0.00837536 -0.999965 -0.500206
296.252 0.0135362 -0.999908 -0.500108
296.566 0.017437 -0.999848 -0.499992
296.881 0.0197341 -0.999805 -0.499898
297.195 0.0202313 -0.999795 -0.49986
297.509 0.0188962 -0.999821 -0.49989
297.823 0.0158623 -0.999874 -0.499976
298.137 0.0114155 -0.999935 -0.500087
298.451 0.00596767 -0.999982 -0.500184
298.765 1.84262e-05 -1 -0.500232
299.08 -0.00589071 -0.999983 -0.500215
299.394 -0.0112257 -0.999937 -0.50014
299.708 -0.0155082 -0.99988 -0.500034
300.022 -0.0183587 -0.999831 -0.499935
300.336 -0.0195296 -0.999809 -0.499876
300.65 -0.0189269 -0.999821 -0.499879
300.965 -0.0166176 -0.999862 -0.499942
301.279 -0.0128221 -0.999918 -0.50004
301.593 -0.00789383 -0.999969 -0.50014
301.907 -0.00228634 -0.999997 -0.500205
302.221 0.00348854 -0.999994 -0.500213
302.535 0.00890741 -0.99996 -0.500163
302.85 0.0134828 -0.999909 -0.500072
303.164 0.0168072 -0.999859 -0.499972
303.478 0.0185888 -0.999827 -0.4999
303.792 0.0186777 -0.999826 -0.49988
304.106 0.0170775 -0.999854 -0.499918
304.42 0.0139447 -0.999903 -0.499999
304.734 0.00957302 -0.999954 -0.500096
305.049 0.00436641 -0.99999 -0.500172
305.363 -0.00119851 -0.999999 -0.500202
305.677 -0.00661598 -0.999978 -0.500176
305.991 -0.0113972 -0.999935 -0.500102
306.305 -0.0151144 -0.999886 -0.500009
306.619 -0.0174391 -0.999848 -0.499929
306.934 -0.0181711 -0.999835 -0.499889
307.248 -0.0172554 -0.999851 -0.499904
307.562 -0.0147861 -0.999891 -0.499966
307.876 -0.0109974 -0.99994 -0.500054
308.19 -0.00624088 -0.999981 -0.500136
308.504 -0.000953384 -1 -0.500183
308.819 0.00438322 -0.99999 -0.500179
309.133 0.00928601 -0.999957 -0.500126
309.447 0.0133148 -0.999911 -0.500043
309.761 0.0161115 -0.99987 -0.49996
310.075 0.0174322 -0.999848 -0.499906
310.389 0.0171678 -0.999853 -0.499899
310.704 0.0153533 -0.999882 -0.499942
311.018 0.0121635 -0.999926 -0.500018
311.332 0.00789624 -0.999969 -0.500099
311.646 0.00294495 -0.999996 -0.500158
311.96 -0.00223791 -0.999997 -0.500174
312.274 -0.00718203 -0.999974 -0.500141
312.588 -0.0114421 -0.999935 -0.500071
312.903 -0.0146377 -0.999893 -0.499991
313.217 -0.0164877 -0.999864 -0.499927
313.531 -0.0168342 -0.999858 -0.499903
313.845 -0.0156565 -0.999877 -0.499926
314.159 -0.0130717 -0.999915 -0.499987
