0.01, 1.00029, 1.99764, 0.000691322, 0
0.02, 1.00117, 1.99056, 0.00275857, 0
0.03, 1.00263, 1.97881, 0.00618162, 0
0.04, 1.00462, 1.96245, 0.010927, 0
0.05, 1.00714, 1.94157, 0.0169483, 0
0.06, 1.01014, 1.9163, 0.0241859, 0
0.07, 1.01356, 1.88677, 0.0325676, 0
0.08, 1.01736, 1.85315, 0.0420093, 0
0.09, 1.02147, 1.81563, 0.0524144, 0
0.1, 1.02583, 1.77441, 0.0636754, 0
0.11, 1.03036, 1.72972, 0.0756735, 0
0.12, 1.03499, 1.6818, 0.0882798, 0
0.13, 1.03964, 1.63092, 0.101355, 0
0.14, 1.04423, 1.57734, 0.114752, 0
0.15, 1.04867, 1.52135, 0.128313, 0
0.16, 1.05289, 1.46325, 0.141874, 0
0.17, 1.05682, 1.40331, 0.155265, 0
0.18, 1.06039, 1.34185, 0.168307, 0
0.19, 1.06353, 1.27914, 0.180822, 0
0.2, 1.06621, 1.21548, 0.192625, 0
0.21, 1.06838, 1.15113, 0.203535, 0
0.22, 1.07005, 1.08632, 0.213379, 0
0.23, 1.07123, 1.02125, 0.221993, 0
0.24, 1.07195, 0.956067, 0.229242, 0
0.25, 1.07229, 0.890866, 0.235025, 0
0.26, 1.07231, 0.825663, 0.239291, 0
0.27, 1.07211, 0.760419, 0.242043, 0
0.28, 1.07175, 0.695054, 0.243337, 0
0.29, 1.07128, 0.629482, 0.243263, 0
0.3, 1.0707, 0.563635, 0.241928, 0
0.31, 1.06999, 0.497484, 0.239431, 0
0.32, 1.06907, 0.431048, 0.235856, 0
0.33, 1.06786, 0.364392, 0.231261, 0
0.34, 1.06627, 0.297618, 0.22568, 0
0.35, 1.06417, 0.230859, 0.219125, 0
0.36, 1.06146, 0.164275, 0.211589, 0
0.37, 1.058, 0.0980396, 0.203049, 0
0.38, 1.05369, 0.0323387, 0.19347, 0
0.39, 1.04839, -0.0326343, 0.182807, 0
0.4, 1.04199, -0.0966833, 0.171011, 0
0.41, 1.03437, -0.159612, 0.158026, 0
0.42, 1.02543, -0.221228, 0.143794, 0
0.43, 1.01505, -0.281341, 0.128256, 0
0.44, 1.00313, -0.339773, 0.111355, 0
0.45, 0.989599, -0.39635, 0.0930334, 0
0.46, 0.974357, -0.450912, 0.0732374, 0
0.47, 0.957334, -0.503311, 0.0519166, 0
0.48, 0.938462, -0.553413, 0.0290247, 0
0.49, 0.917687, -0.601096, 0.0045205, 0
0.5, 0.894962, -0.646258, -0.0216316, 0
0.51, 0.870251, -0.688812, -0.0494615, 0
0.52, 0.84353, -0.728688, -0.0789923, 0
0.53, 0.814785, -0.765836, -0.110241, 0
0.54, 0.784013, -0.800224, -0.143217, 0
0.55, 0.751221, -0.83184, -0.177924, 0
0.56, 0.716428, -0.860689, -0.214357, 0
0.57, 0.679665, -0.886798, -0.252505, 0
0.58, 0.640971, -0.910211, -0.292351, 0
0.59, 0.600397, -0.930993, -0.333869, 0
0.6, 0.558001, -0.949224, -0.37703, 0
0.61, 0.513853, -0.965006, -0.421796, 0
0.62, 0.468029, -0.978452, -0.468126, 0
0.63, 0.420615, -0.989694, -0.515972, 0
0.64, 0.3717, -0.998877, -0.565284, 0
0.65, 0.321384, -1.00616, -0.616006, 0
0.66, 0.269768, -1.0117, -0.668083, 0
0.67, 0.216959, -1.01568, -0.721455, 0
0.68, 0.163068, -1.01827, -0.776064, 0
0.69, 0.108207, -1.01967, -0.831852, 0
0.7, 0.0524922, -1.02003, -0.888764, 0
0.71, -0.00395961, -1.01955, -0.946748, 0
0.72, -0.0610299, -1.01838, -1.00576, 0
0.73, -0.118599, -1.01667, -1.06576, 0
0.74, -0.176549, -1.01457, -1.12673, 0
0.75, -0.234759, -1.01219, -1.18864, 0
0.76, -0.293115, -1.00962, -1.2515, 0
0.77, -0.351506, -1.00691, -1.31533, 0
0.78, -0.40983, -1.0041, -1.38016, 0
0.79, -0.468001, -1.00119, -1.44604, 0
0.8, -0.525947, -0.99812, -1.51302, 0
0.81, -0.58362, -0.994837, -1.58118, 0
0.82, -0.640992, -0.991256, -1.65056, 0
0.83, -0.698054, -0.987295, -1.72119, 0
0.84, -0.754809, -0.982894, -1.79307, 0
0.85, -0.81126, -0.978028, -1.86616, 0
0.86, -0.867406, -0.972718, -1.94038, 0
0.87, -0.923228, -0.967031, -2.01562, 0
0.88, -0.978696, -0.961078, -2.09173, 0
0.89, -1.03376, -0.955008, -2.16855, 0
0.9, -1.08834, -0.948998, -2.24593, 0
0.91, -1.14238, -0.943252, -2.32366, 0
0.92, -1.19576, -0.937986, -2.40157, 0
0.93, -1.24839, -0.933428, -2.47948, 0
0.94, -1.30016, -0.929814, -2.5572, 0
0.95, -1.35095, -0.927379, -2.63455, 0
0.96, -1.40064, -0.926358, -2.71136, 0
0.97, -1.44913, -0.926981, -2.78745, 0
0.98, -1.49628, -0.929472, -2.86266, 0
0.99, -1.542, -0.934044, -2.93684, 0
1, -1.58617, -0.940897, -3.00983, 0
1.01, -1.62869, -0.950221, -3.0815, 0
1.02, -1.66946, -0.962186, -3.15171, 0
1.03, -1.70839, -0.976949, -3.22035, 0
1.04, -1.74539, -0.994646, -3.28729, 0
1.05, -1.7804, -1.01539, -3.35246, 0
1.06, -1.81336, -1.03929, -3.41574, 0
1.07, -1.8442, -1.06641, -3.47708, 0
1.08, -1.87289, -1.09681, -3.53639, 0
1.09, -1.89939, -1.13051, -3.59364, 0
1.1, -1.92367, -1.16753, -3.64877, 0
1.11, -1.94574, -1.20785, -3.70176, 0
1.12, -1.96557, -1.25143, -3.75259, 0
1.13, -1.98319, -1.29821, -3.80126, 0
1.14, -1.99861, -1.34811, -3.84777, 0
1.15, -2.01186, -1.40102, -3.89215, 0
1.16, -2.02298, -1.45681, -3.93441, 0
1.17, -2.03201, -1.51535, -3.9746, 0
1.18, -2.039, -1.57647, -4.01278, 0
1.19, -2.04402, -1.63998, -4.049, 0
1.2, -2.04713, -1.7057, -4.08333, 0
1.21, -2.0484, -1.77342, -4.11585, 0
1.22, -2.04791, -1.84291, -4.14664, 0
1.23, -2.04573, -1.91395, -4.17578, 0
1.24, -2.04195, -1.98631, -4.20338, 0
1.25, -2.03665, -2.05974, -4.22953, 0
1.26, -2.02991, -2.13401, -4.25431, 0
1.27, -2.02182, -2.20888, -4.27783, 0
1.28, -2.01247, -2.28411, -4.30018, 0
1.29, -2.00193, -2.35947, -4.32143, 0
1.3, -1.9903, -2.43474, -4.34168, 0
1.31, -1.97765, -2.5097, -4.361, 0
1.32, -1.96409, -2.58414, -4.37944, 0
1.33, -1.9497, -2.65785, -4.39707, 0
1.34, -1.93458, -2.73063, -4.41393, 0
1.35, -1.91884, -2.80229, -4.43007, 0
1.36, -1.90258, -2.87262, -4.44552, 0
1.37, -1.88591, -2.94144, -4.46031, 0
1.38, -1.86895, -3.00855, -4.47447, 0
1.39, -1.85182, -3.07376, -4.48802, 0
1.4, -1.83464, -3.13687, -4.50099, 0
1.41, -1.81755, -3.19768, -4.51341, 0
1.42, -1.80068, -3.256, -4.52529, 0
1.43, -1.78415, -3.31163, -4.53667, 0
1.44, -1.76808, -3.36439, -4.54756, 0
1.45, -1.75261, -3.41408, -4.558, 0
1.46, -1.73785, -3.46053, -4.56801, 0
1.47, -1.72392, -3.50357, -4.5776, 0
1.48, -1.71092, -3.54303, -4.58682, 0
1.49, -1.69896, -3.57877, -4.59568, 0
1.5, -1.68814, -3.61064, -4.6042, 0
1.51, -1.67853, -3.63853, -4.61239, 0
1.52, -1.67021, -3.66231, -4.62029, 0
1.53, -1.66325, -3.68191, -4.62789, 0
1.54, -1.6577, -3.69724, -4.63521, 0
1.55, -1.6536, -3.70824, -4.64225, 0
1.56, -1.65098, -3.71488, -4.64901, 0
1.57, -1.64987, -3.71713, -4.6555, 0
1.58, -1.65027, -3.715, -4.6617, 0
1.59, -1.65217, -3.70849, -4.6676, 0
1.6, -1.65557, -3.69765, -4.6732, 0
1.61, -1.66043, -3.68253, -4.67846, 0
1.62, -1.66671, -3.66319, -4.68336, 0
1.63, -1.67437, -3.63974, -4.68789, 0
1.64, -1.68335, -3.61227, -4.69201, 0
1.65, -1.69358, -3.58091, -4.69568, 0
1.66, -1.70497, -3.5458, -4.69888, 0
1.67, -1.71744, -3.50707, -4.70156, 0
1.68, -1.7309, -3.4649, -4.70368, 0
1.69, -1.74523, -3.41945, -4.70521, 0
1.7, -1.76034, -3.3709, -4.7061, 0
1.71, -1.77611, -3.31945, -4.70632, 0
1.72, -1.79242, -3.26528, -4.70582, 0
1.73, -1.80916, -3.20861, -4.70455, 0
1.74, -1.8262, -3.14962, -4.70248, 0
1.75, -1.84341, -3.08852, -4.69956, 0
1.76, -1.86069, -3.02553, -4.69575, 0
1.77, -1.87791, -2.96084, -4.691, 0
1.78, -1.89495, -2.89468, -4.68527, 0
1.79, -1.91171, -2.82724, -4.67851, 0
1.8, -1.92806, -2.75874, -4.67066, 0
1.81, -1.9439, -2.68939, -4.66168, 0
1.82, -1.95912, -2.61941, -4.65149, 0
1.83, -1.97364, -2.54901, -4.64004, 0
1.84, -1.98734, -2.47843, -4.62725, 0
1.85, -2.00013, -2.40787, -4.61304, 0
1.86, -2.01192, -2.33757, -4.59734, 0
1.87, -2.02261, -2.26776, -4.58006, 0
1.88, -2.03211, -2.19867, -4.56112, 0
1.89, -2.04034, -2.13053, -4.54042, 0
1.9, -2.0472, -2.06356, -4.51787, 0
1.91, -2.05261, -1.99801, -4.49341, 0
1.92, -2.05648, -1.93408, -4.46693, 0
1.93, -2.05874, -1.87198, -4.43836, 0
1.94, -2.05931, -1.81192, -4.40764, 0
1.95, -2.05811, -1.75409, -4.37468, 0
1.96, -2.05509, -1.69866, -4.33945, 0
1.97, -2.05017, -1.64581, -4.30187, 0
1.98, -2.04331, -1.59566, -4.26193, 0
1.99, -2.03446, -1.54835, -4.21958, 0
2, -2.02358, -1.50399, -4.17481, 0
2.01, -2.01064, -1.46266, -4.12762, 0
2.02, -1.99562, -1.42442, -4.07799, 0
2.03, -1.9785, -1.38934, -4.02596, 0
2.04, -1.95929, -1.35742, -3.97154, 0
2.05, -1.938, -1.32867, -3.91478, 0
2.06, -1.91463, -1.30308, -3.85573, 0
2.07, -1.88922, -1.28058, -3.79446, 0
2.08, -1.8618, -1.26113, -3.73103, 0
2.09, -1.83241, -1.24463, -3.66554, 0
2.1, -1.80112, -1.23099, -3.59808, 0
2.11, -1.76798, -1.22006, -3.52876, 0
2.12, -1.73307, -1.21172, -3.45771, 0
2.13, -1.69645, -1.2058, -3.38504, 0
2.14, -1.65822, -1.20213, -3.31091, 0
2.15, -1.61846, -1.20051, -3.23546, 0
2.16, -1.57727, -1.20074, -3.15884, 0
2.17, -1.53475, -1.20261, -3.08121, 0
2.18, -1.49099, -1.2059, -3.00275, 0
2.19, -1.44608, -1.21038, -2.92363, 0
2.2, -1.40014, -1.21583, -2.84403, 0
2.21, -1.35326, -1.22201, -2.76413, 0
2.22, -1.30552, -1.2287, -2.68411, 0
2.23, -1.25702, -1.23569, -2.60416, 0
2.24, -1.20782, -1.24276, -2.52444, 0
2.25, -1.15801, -1.24973, -2.44514, 0
2.26, -1.10762, -1.25644, -2.36642, 0
2.27, -1.05671, -1.26275, -2.28841, 0
2.28, -1.0053, -1.26855, -2.21126, 0
2.29, -0.953427, -1.27377, -2.13505, 0
2.3, -0.901093, -1.27839, -2.05986, 0
2.31, -0.848315, -1.2824, -1.98574, 0
2.32, -0.795113, -1.28582, -1.91269, 0
2.33, -0.741517, -1.28868, -1.8407, 0
2.34, -0.687574, -1.29104, -1.76975, 0
2.35, -0.633346, -1.29289, -1.6998, 0
2.36, -0.578915, -1.29427, -1.63082, 0
2.37, -0.524374, -1.29514, -1.56279, 0
2.38, -0.46983, -1.29547, -1.49568, 0
2.39, -0.415398, -1.29519, -1.42949, 0
2.4, -0.361196, -1.29423, -1.36423, 0
2.41, -0.307347, -1.29248, -1.29992, 0
2.42, -0.253971, -1.28982, -1.23659, 0
2.43, -0.201189, -1.28615, -1.17427, 0
2.44, -0.149116, -1.28133, -1.11302, 0
2.45, -0.0978661, -1.27523, -1.05287, 0
2.46, -0.0475461, -1.26772, -0.99389, 0
2.47, 0.00174188, -1.25866, -0.936122, 0
2.48, 0.049902, -1.24792, -0.879624, 0
2.49, 0.0968447, -1.23539, -0.824449, 0
2.5, 0.142488, -1.22093, -0.770651, 0
2.51, 0.186755, -1.20445, -0.718278, 0
2.52, 0.22958, -1.18585, -0.667379, 0
2.53, 0.270903, -1.16502, -0.617994, 0
2.54, 0.310671, -1.14191, -0.570163, 0
2.55, 0.348842, -1.11644, -0.523919, 0
2.56, 0.385381, -1.08856, -0.47929, 0
2.57, 0.420263, -1.05825, -0.436297, 0
2.58, 0.453472, -1.02548, -0.394958, 0
2.59, 0.485001, -0.990248, -0.355282, 0
2.6, 0.514852, -0.952567, -0.317273, 0
2.61, 0.543038, -0.912464, -0.280929, 0
2.62, 0.569579, -0.869981, -0.246241, 0
2.63, 0.594507, -0.825178, -0.213193, 0
2.64, 0.61786, -0.778126, -0.181766, 0
2.65, 0.639687, -0.728912, -0.151934, 0
2.66, 0.660046, -0.677634, -0.123663, 0
2.67, 0.679, -0.624405, -0.0969183, 0
2.68, 0.696623, -0.569348, -0.0716583, 0
2.69, 0.712993, -0.512595, -0.0478383, 0
2.7, 0.728197, -0.454287, -0.0254102, 0
2.71, 0.742326, -0.394574, -0.00432357, 0
2.72, 0.755476, -0.333612, 0.0154734, 0
2.73, 0.767748, -0.271559, 0.0340331, 0
2.74, 0.779244, -0.208581, 0.0514073, 0
2.75, 0.79007, -0.144839, 0.0676455, 0
2.76, 0.800335, -0.0805003, 0.0827937, 0
2.77, 0.810145, -0.0157241, 0.0968924, 0
2.78, 0.819607, 0.0493336, 0.109974, 0
2.79, 0.828827, 0.114526, 0.122062, 0
2.8, 0.837906, 0.179721, 0.133164, 0
2.81, 0.84694, 0.244803, 0.143273, 0
2.82, 0.856017, 0.309682, 0.152362, 0
2.83, 0.865211, 0.3743, 0.160378, 0
2.84, 0.874581, 0.43864, 0.167247, 0
2.85, 0.884156, 0.502727, 0.172866, 0
2.86, 0.893937, 0.566635, 0.17712, 0
2.87, 0.903888, 0.630471, 0.179888, 0
2.88, 0.913936, 0.694357, 0.181069, 0
2.89, 0.923983, 0.758403, 0.180598, 0
2.9, 0.933919, 0.822674, 0.178462, 0
2.91, 0.943639, 0.887175, 0.174703, 0
2.92, 0.953055, 0.951845, 0.169409, 0
2.93, 0.962103, 1.01656, 0.162705, 0
2.94, 0.970743, 1.08115, 0.154739, 0
2.95, 0.978958, 1.14541, 0.145674, 0
2.96, 0.986752, 1.20909, 0.135682, 0
2.97, 0.994144, 1.27194, 0.124936, 0
2.98, 1.00117, 1.33369, 0.113611, 0
2.99, 1.00786, 1.39406, 0.101877, 0
3, 1.01427, 1.45277, 0.0899037, 0
3.01, 1.02046, 1.50954, 0.077853, 0
3.02, 1.02648, 1.56411, 0.0658822, 0
3.03, 1.03239, 1.6162, 0.0541414, 0
3.04, 1.03825, 1.66555, 0.0427735, 0
3.05, 1.04411, 1.71192, 0.0319131, 0
3.06, 1.05004, 1.75509, 0.0216859, 0
3.07, 1.05607, 1.79482, 0.0122084, 0
3.08, 1.06226, 1.83094, 0.00358696, 0
3.09, 1.06865, 1.86325, -0.00408231, 0
3.1, 1.07528, 1.8916, -0.0107144, 0
3.11, 1.08217, 1.91585, -0.0162356, 0
3.12, 1.08934, 1.93588, -0.0205838, 0
3.13, 1.09683, 1.95161, -0.0237091, 0
3.14, 1.10462, 1.96295, -0.0255739, 0
3.15, 1.11273, 1.96987, -0.0261528, 0
3.16, 1.12114, 1.97235, -0.0254333, 0
3.17, 1.12985, 1.97038, -0.0234154, 0
3.18, 1.13883, 1.964, -0.020112, 0
3.19, 1.14805, 1.95326, -0.0155485, 0
3.2, 1.15747, 1.93822, -0.00976265, 0
3.21, 1.16706, 1.91901, -0.00280481, 0
3.22, 1.17675, 1.89572, 0.00526275, 0
3.23, 1.18651, 1.8685, 0.014366, 0
3.24, 1.19626, 1.83752, 0.0244194, 0
3.25, 1.20594, 1.80296, 0.0353268, 0
3.26, 1.21549, 1.76501, 0.0469812, 0
3.27, 1.22482, 1.72388, 0.0592662, 0
3.28, 1.23389, 1.6798, 0.0720559, 0
3.29, 1.2426, 1.63301, 0.0852164, 0
3.3, 1.25089, 1.58375, 0.0986062, 0
3.31, 1.2587, 1.53227, 0.112077, 0
3.32, 1.26597, 1.47883, 0.125478, 0
3.33, 1.27263, 1.42367, 0.138651, 0
3.34, 1.27865, 1.36703, 0.151441, 0
3.35, 1.28399, 1.30916, 0.163693, 0
3.36, 1.28863, 1.25025, 0.175258, 0
3.37, 1.29257, 1.19051, 0.185999, 0
3.38, 1.2958, 1.13008, 0.195794, 0
3.39, 1.29836, 1.0691, 0.204544, 0
3.4, 1.30026, 1.00765, 0.212178, 0
3.41, 1.30156, 0.945784, 0.218655, 0
3.42, 1.30227, 0.883519, 0.223968, 0
3.43, 1.30242, 0.820864, 0.228136, 0
3.44, 1.30201, 0.757822, 0.231198, 0
3.45, 1.30102, 0.694406, 0.233202, 0
3.46, 1.29943, 0.630646, 0.2342, 0
3.47, 1.29716, 0.566602, 0.234233, 0
3.48, 1.29416, 0.502354, 0.233333, 0
3.49, 1.29033, 0.438012, 0.23152, 0
3.5, 1.28559, 0.373706, 0.228799, 0
3.51, 1.27984, 0.309582, 0.225159, 0
3.52, 1.27298, 0.245803, 0.220582, 0
3.53, 1.2649, 0.182539, 0.215038, 0
3.54, 1.25551, 0.119968, 0.208489, 0
3.55, 1.24472, 0.0582713, 0.200891, 0
3.56, 1.23242, -0.00237215, 0.192195, 0
3.57, 1.21853, -0.0617841, 0.18235, 0
3.58, 1.20298, -0.119792, 0.171303, 0
3.59, 1.18568, -0.176229, 0.159001, 0
3.6, 1.16657, -0.230939, 0.14539, 0
3.61, 1.14559, -0.283776, 0.130421, 0
3.62, 1.1227, -0.334605, 0.114045, 0
3.63, 1.09784, -0.383304, 0.0962164, 0
3.64, 1.07098, -0.429767, 0.0768955, 0
3.65, 1.04212, -0.473902, 0.056046, 0
3.66, 1.01122, -0.515635, 0.0336369, 0
3.67, 0.978305, -0.554907, 0.00964276, 0
3.68, 0.943369, -0.591678, -0.015956, 0
3.69, 0.906435, -0.625925, -0.043173, 0
3.7, 0.867534, -0.657644, -0.0720156, 0
3.71, 0.826705, -0.686851, -0.102485, 0
3.72, 0.783999, -0.713576, -0.134575, 0
3.73, 0.739475, -0.737873, -0.168276, 0
3.74, 0.693201, -0.759809, -0.203569, 0
3.75, 0.645254, -0.779471, -0.240432, 0
3.76, 0.595717, -0.796962, -0.278836, 0
3.77, 0.544682, -0.812403, -0.318747, 0
3.78, 0.492246, -0.825926, -0.360128, 0
3.79, 0.43851, -0.83768, -0.402935, 0
3.8, 0.383579, -0.847824, -0.447124, 0
3.81, 0.327561, -0.856527, -0.492646, 0
3.82, 0.270566, -0.863964, -0.539452, 0
3.83, 0.212704, -0.870317, -0.587492, 0
3.84, 0.154085, -0.875766, -0.636715, 0
3.85, 0.0948181, -0.88049, -0.687075, 0
3.86, 0.0350128, -0.88466, -0.738526, 0
3.87, -0.0252219, -0.888437, -0.791028, 0
3.88, -0.085776, -0.891968, -0.84455, 0
3.89, -0.146539, -0.895381, -0.899067, 0
3.9, -0.207397, -0.898784, -0.954569, 0
3.91, -0.268239, -0.902258, -1.01106, 0
3.92, -0.328952, -0.905856, -1.06856, 0
3.93, -0.389428, -0.909595, -1.12711, 0
3.94, -0.449569, -0.913451, -1.18678, 0
3.95, -0.509292, -0.917359, -1.24766, 0
3.96, -0.568539, -0.921203, -1.30986, 0
3.97, -0.627281, -0.924831, -1.37348, 0
3.98, -0.68552, -0.928068, -1.43864, 0
3.99, -0.743284, -0.930742, -1.50541, 0
4, -0.800617, -0.932713, -1.57381, 0
4.01, -0.857559, -0.933898, -1.64382, 0
4.02, -0.914138, -0.934277, -1.71536, 0
4.03, -0.970358, -0.933897, -1.7883, 0
4.04, -1.0262, -0.932857, -1.86252, 0
4.05, -1.08161, -0.9313, -1.93783, 0
4.06, -1.13654, -0.929401, -2.01406, 0
4.07, -1.19089, -0.927363, -2.09103, 0
4.08, -1.24457, -0.9254, -2.16857, 0
4.09, -1.29748, -0.92374, -2.24648, 0
4.1, -1.3495, -0.922619, -2.32458, 0
4.11, -1.40051, -0.922271, -2.4027, 0
4.12, -1.45039, -0.922932, -2.48066, 0
4.13, -1.49902, -0.924835, -2.55829, 0
4.14, -1.54628, -0.928206, -2.63542, 0
4.15, -1.59206, -0.933263, -2.7119, 0
4.16, -1.63623, -0.940213, -2.78759, 0
4.17, -1.6787, -0.949253, -2.86232, 0
4.18, -1.71937, -0.960565, -2.93597, 0
4.19, -1.75813, -0.974315, -3.00841, 0
4.2, -1.7949, -0.990654, -3.07953, 0
4.21, -1.8296, -1.00971, -3.1492, 0
4.22, -1.86218, -1.03161, -3.21734, 0
4.23, -1.89255, -1.05644, -3.28385, 0
4.24, -1.92069, -1.08426, -3.34866, 0
4.25, -1.94655, -1.11515, -3.4117, 0
4.26, -1.9701, -1.14912, -3.4729, 0
4.27, -1.99133, -1.18618, -3.53223, 0
4.28, -2.01022, -1.22633, -3.58966, 0
4.29, -2.0268, -1.26952, -3.64515, 0
4.3, -2.04106, -1.31571, -3.69869, 0
4.31, -2.05303, -1.36481, -3.75029, 0
4.32, -2.06275, -1.41673, -3.79996, 0
4.33, -2.07026, -1.47135, -3.84771, 0
4.34, -2.07561, -1.52853, -3.89357, 0
4.35, -2.07886, -1.58812, -3.93759, 0
4.36, -2.08008, -1.64997, -3.97981, 0
4.37, -2.07932, -1.71387, -4.02029, 0
4.38, -2.07668, -1.77965, -4.05909, 0
4.39, -2.07223, -1.84709, -4.09628, 0
4.4, -2.06606, -1.91598, -4.13193, 0
4.41, -2.05824, -1.98612, -4.16613, 0
4.42, -2.04888, -2.05727, -4.19894, 0
4.43, -2.03805, -2.12922, -4.23045, 0
4.44, -2.02584, -2.20174, -4.26073, 0
4.45, -2.01236, -2.27463, -4.28987, 0
4.46, -1.99768, -2.34766, -4.31791, 0
4.47, -1.98191, -2.42063, -4.34494, 0
4.48, -1.96513, -2.49333, -4.371, 0
4.49, -1.94745, -2.56557, -4.39614, 0
4.5, -1.92896, -2.63716, -4.42041, 0
4.51, -1.90978, -2.70791, -4.44383, 0
4.52, -1.89002, -2.77763, -4.46643, 0
4.53, -1.86979, -2.84613, -4.48825, 0
4.54, -1.84922, -2.91322, -4.50929, 0
4.55, -1.82842, -2.97873, -4.52957, 0
4.56, -1.80754, -3.04246, -4.54912, 0
4.57, -1.78671, -3.10422, -4.56794, 0
4.58, -1.76606, -3.16382, -4.58604, 0
4.59, -1.74573, -3.22107, -4.60345, 0
4.6, -1.72586, -3.27578, -4.62019, 0
4.61, -1.70657, -3.32776, -4.63626, 0
4.62, -1.68801, -3.37685, -4.65169, 0
4.63, -1.67029, -3.42285, -4.66648, 0
4.64, -1.65355, -3.4656, -4.68067, 0
4.65, -1.63789, -3.50495, -4.69427, 0
4.66, -1.62343, -3.54074, -4.70729, 0
4.67, -1.61026, -3.57284, -4.71975, 0
4.68, -1.59848, -3.60112, -4.73166, 0
4.69, -1.58817, -3.62549, -4.74303, 0
4.7, -1.57939, -3.64583, -4.75387, 0
4.71, -1.57221, -3.66209, -4.76418, 0
4.72, -1.56668, -3.67419, -4.77397, 0
4.73, -1.56283, -3.6821, -4.78323, 0
4.74, -1.56068, -3.68579, -4.79195, 0
4.75, -1.56027, -3.68526, -4.80014, 0
4.76, -1.56157, -3.68051, -4.80777, 0
4.77, -1.56459, -3.67158, -4.81483, 0
4.78, -1.5693, -3.65851, -4.8213, 0
4.79, -1.57567, -3.64138, -4.82716, 0
4.8, -1.58365, -3.62026, -4.83238, 0
4.81, -1.59318, -3.59526, -4.83693, 0
4.82, -1.60421, -3.56648, -4.84078, 0
4.83, -1.61664, -3.53405, -4.8439, 0
4.84, -1.63041, -3.49813, -4.84625, 0
4.85, -1.6454, -3.45885, -4.84779, 0
4.86, -1.66153, -3.41639, -4.84849, 0
4.87, -1.67868, -3.37092, -4.8483, 0
4.88, -1.69674, -3.32262, -4.84719, 0
4.89, -1.71558, -3.27168, -4.84512, 0
4.9, -1.7351, -3.21829, -4.84205, 0
4.91, -1.75515, -3.16266, -4.83793, 0
4.92, -1.77562, -3.10498, -4.83273, 0
4.93, -1.79637, -3.04546, -4.82641, 0
4.94, -1.81729, -2.9843, -4.81893, 0
4.95, -1.83824, -2.92171, -4.81025, 0
4.96, -1.85909, -2.85789, -4.80032, 0
4.97, -1.87973, -2.79305, -4.78911, 0
4.98, -1.90004, -2.7274, -4.77656, 0
4.99, -1.9199, -2.66114, -4.76264, 0
5, -1.9392, -2.59449, -4.74728, 0
5.01, -1.95782, -2.52764, -4.73043, 0
5.02, -1.97566, -2.46081, -4.71203, 0
5.03, -1.99262, -2.39422, -4.69203, 0
5.04, -2.00859, -2.32807, -4.67035, 0
5.05, -2.02346, -2.26257, -4.64693, 0
5.06, -2.03715, -2.19794, -4.62171, 0
5.07, -2.04955, -2.13438, -4.59461, 0
5.08, -2.06057, -2.07211, -4.56556, 0
5.09, -2.07013, -2.01131, -4.53452, 0
5.1, -2.07813, -1.95218, -4.5014, 0
5.11, -2.08448, -1.89491, -4.46617, 0
5.12, -2.08912, -1.83967, -4.42877, 0
5.13, -2.09195, -1.78661, -4.38915, 0
5.14, -2.09293, -1.7359, -4.34728, 0
5.15, -2.09198, -1.68765, -4.30314, 0
5.16, -2.08904, -1.642, -4.25671, 0
5.17, -2.08408, -1.59903, -4.20797, 0
5.18, -2.07704, -1.55882, -4.15693, 0
5.19, -2.0679, -1.52145, -4.1036, 0
5.2, -2.05664, -1.48694, -4.04801, 0
5.21, -2.04323, -1.45533, -3.99019, 0
5.22, -2.02768, -1.42661, -3.93019, 0
5.23, -2.00999, -1.40077, -3.86805, 0
5.24, -1.99018, -1.37776, -3.80385, 0
5.25, -1.96826, -1.35753, -3.73767, 0
5.26, -1.94428, -1.33999, -3.66959, 0
5.27, -1.91826, -1.32505, -3.59971, 0
5.28, -1.89027, -1.31259, -3.52814, 0
5.29, -1.86036, -1.30247, -3.45501, 0
5.3, -1.8286, -1.29454, -3.38042, 0
5.31, -1.79505, -1.28865, -3.30453, 0
5.32, -1.7598, -1.2846, -3.22748, 0
5.33, -1.72293, -1.2822, -3.14941, 0
5.34, -1.68453, -1.28126, -3.07048, 0
5.35, -1.6447, -1.28156, -2.99087, 0
5.36, -1.60352, -1.28288, -2.91074, 0
5.37, -1.56109, -1.28501, -2.83025, 0
5.38, -1.5175, -1.2877, -2.7496, 0
5.39, -1.47285, -1.29075, -2.66896, 0
5.4, -1.42722, -1.29393, -2.58851, 0
5.41, -1.38069, -1.29704, -2.50843, 0
5.42, -1.33334, -1.29986, -2.42889, 0
5.43, -1.28523, -1.30223, -2.35008, 0
5.44, -1.2364, -1.30398, -2.27214, 0
5.45, -1.1869, -1.30498, -2.19524, 0
5.46, -1.13674, -1.30514, -2.1195, 0
5.47, -1.08593, -1.30441, -2.04502, 0
5.48, -1.03446, -1.30277, -1.97187, 0
5.49, -0.982329, -1.30026, -1.9001, 0
5.5, -0.92952, -1.29696, -1.82971, 0
5.51, -0.876036, -1.29295, -1.76065, 0
5.52, -0.821898, -1.28833, -1.69288, 0
5.53, -0.767144, -1.28319, -1.62633, 0
5.54, -0.711836, -1.27762, -1.56092, 0
5.55, -0.656057, -1.27164, -1.4966, 0
5.56, -0.599904, -1.26528, -1.43332, 0
5.57, -0.543484, -1.25853, -1.37103, 0
5.58, -0.486915, -1.25134, -1.30973, 0
5.59, -0.430318, -1.24367, -1.2494, 0
5.6, -0.373813, -1.23544, -1.19006, 0
5.61, -0.317522, -1.22656, -1.13171, 0
5.62, -0.261563, -1.21695, -1.07439, 0
5.63, -0.206051, -1.20649, -1.01812, 0
5.64, -0.151097, -1.19509, -0.962954, 0
5.65, -0.0968061, -1.18263, -0.908919, 0
5.66, -0.0432774, -1.169, -0.856063, 0
5.67, 0.00939528, -1.15411, -0.804427, 0
5.68, 0.0611246, -1.13783, -0.754056, 0
5.69, 0.111829, -1.12006, -0.704991, 0
5.7, 0.161435, -1.10072, -0.657273, 0
5.71, 0.209872, -1.0797, -0.61094, 0
5.72, 0.257079, -1.05691, -0.566027, 0
5.73, 0.303, -1.03229, -0.522565, 0
5.74, 0.347585, -1.00575, -0.480581, 0
5.75, 0.390792, -0.977249, -0.440098, 0
5.76, 0.432585, -0.946729, -0.401134, 0
5.77, 0.472934, -0.914156, -0.363702, 0
5.78, 0.511816, -0.879507, -0.32781, 0
5.79, 0.549217, -0.842768, -0.293461, 0
5.8, 0.585128, -0.803943, -0.260654, 0
5.81, 0.619548, -0.763045, -0.229379, 0
5.82, 0.652482, -0.720103, -0.199625, 0
5.83, 0.683944, -0.675156, -0.171374, 0
5.84, 0.713953, -0.62826, -0.144603, 0
5.85, 0.742536, -0.579479, -0.119285, 0
5.86, 0.769727, -0.528891, -0.0953903, 0
5.87, 0.795564, -0.476585, -0.072883, 0
5.88, 0.820095, -0.422662, -0.0517255, 0
5.89, 0.843368, -0.36723, -0.0318774, 0
5.9, 0.865443, -0.310407, -0.0132963, 0
5.91, 0.886378, -0.252319, 0.00406144, 0
5.92, 0.906241, -0.193099, 0.0202397, 0
5.93, 0.9251, -0.132883, 0.0352818, 0
5.94, 0.943027, -0.0718116, 0.0492292, 0
5.95, 0.960097, -0.010028, 0.0621206, 0
5.96, 0.976386, 0.0523262, 0.0739903, 0
5.97, 0.991971, 0.115111, 0.084867, 0
5.98, 1.00693, 0.178194, 0.0947722, 0
5.99, 1.02133, 0.241447, 0.103719, 0
6, 1.03526, 0.304755, 0.111709, 0
6.01, 1.04876, 0.36802, 0.118734, 0
6.02, 1.06191, 0.431157, 0.124772, 0
6.03, 1.07475, 0.494107, 0.129789, 0
6.04, 1.08732, 0.556827, 0.13374, 0
6.05, 1.09963, 0.619302, 0.136574, 0
6.06, 1.11168, 0.681532, 0.138234, 0
6.07, 1.12346, 0.74353, 0.138671, 0
6.08, 1.13494, 0.805312, 0.137847, 0
6.09, 1.14606, 0.866887, 0.135744, 0
6.1, 1.15677, 0.928243, 0.132369, 0
6.11, 1.16701, 0.989343, 0.127759, 0
6.12, 1.17674, 1.05012, 0.121977, 0
6.13, 1.18591, 1.11046, 0.115112, 0
6.14, 1.19448, 1.17023, 0.107272, 0
6.15, 1.20244, 1.22927, 0.0985808, 0
6.16, 1.20978, 1.2874, 0.0891725, 0
6.17, 1.2165, 1.3444, 0.0791888, 0
6.18, 1.22263, 1.40007, 0.068775, 0
6.19, 1.22817, 1.45418, 0.058077, 0
6.2, 1.23316, 1.50649, 0.0472399, 0
6.21, 1.23765, 1.55679, 0.036406, 0
6.22, 1.24166, 1.60483, 0.0257132, 0
6.23, 1.24524, 1.6504, 0.0152941, 0
6.24, 1.24843, 1.69328, 0.00527488, 0
6.25, 1.25128, 1.73326, -0.00422536, 0
6.26, 1.25383, 1.77016, -0.0130956, 0
6.27, 1.25613, 1.80378, -0.0212336, 0
6.28, 1.2582, 1.83396, -0.028546, 0
6.29, 1.2601, 1.86055, -0.0349495, 0
6.3, 1.26184, 1.88342, -0.0403708, 0
6.31, 1.26347, 1.90246, -0.0447474, 0
6.32, 1.26499, 1.91756, -0.0480276, 0
6.33, 1.26644, 1.92866, -0.0501708, 0
6.34, 1.26782, 1.93569, -0.051148, 0
6.35, 1.26914, 1.93864, -0.0509418, 0
6.36, 1.2704, 1.93748, -0.0495462, 0
6.37, 1.27159, 1.93222, -0.0469673, 0
6.38, 1.27272, 1.92291, -0.0432224, 0
6.39, 1.27375, 1.90958, -0.0383409, 0
6.4, 1.27467, 1.89232, -0.0323632, 0
6.41, 1.27546, 1.87121, -0.025341, 0
6.42, 1.27607, 1.84638, -0.0173372, 0
6.43, 1.27649, 1.81795, -0.00842501, 0
6.44, 1.27666, 1.78607, 0.00131206, 0
6.45, 1.27654, 1.75091, 0.0117807, 0
6.46, 1.2761, 1.71264, 0.0228785, 0
6.47, 1.27528, 1.67146, 0.0344943, 0
6.48, 1.27403, 1.62758, 0.0465089, 0
6.49, 1.27232, 1.58121, 0.0587962, 0
6.5, 1.2701, 1.53256, 0.0712236, 0
6.51, 1.26732, 1.48188, 0.0836531, 0
6.52, 1.26395, 1.42937, 0.0959429, 0
6.53, 1.25996, 1.37528, 0.107948, 0
6.54, 1.25532, 1.31982, 0.119524, 0
6.55, 1.25001, 1.2632, 0.130526, 0
6.56, 1.24404, 1.20563, 0.140815, 0
6.57, 1.2374, 1.14729, 0.150258, 0
6.58, 1.23012, 1.08833, 0.158734, 0
6.59, 1.22223, 1.02888, 0.166138, 0
6.6, 1.21377, 0.969054, 0.172386, 0
6.61, 1.20478, 0.908906, 0.17742, 0
6.62, 1.19532, 0.848476, 0.181206, 0
6.63, 1.18544, 0.787775, 0.183741, 0
6.64, 1.17518, 0.726797, 0.185044, 0
6.65, 1.16457, 0.665532, 0.185153, 0
6.66, 1.15361, 0.603973, 0.184117, 0
6.67, 1.1423, 0.542128, 0.181988, 0
6.68, 1.13062, 0.480025, 0.178815, 0
6.69, 1.11853, 0.417711, 0.174639, 0
6.7, 1.10597, 0.355258, 0.169488, 0
6.71, 1.09288, 0.292758, 0.163379, 0
6.72, 1.0792, 0.230318, 0.156319, 0
6.73, 1.06485, 0.168061, 0.1483, 0
6.74, 1.04976, 0.10612, 0.139306, 0
6.75, 1.03386, 0.0446351, 0.129313, 0
6.76, 1.01706, -0.0162479, 0.118289, 0
6.77, 0.999288, -0.076382, 0.106197, 0
6.78, 0.98048, -0.13562, 0.0929968, 0
6.79, 0.960563, -0.193818, 0.0786447, 0
6.8, 0.939473, -0.250836, 0.0630958, 0
6.81, 0.91715, -0.306538, 0.0463049, 0
6.82, 0.893537, -0.360798, 0.0282272, 0
6.83, 0.868585, -0.413497, 0.00881938, 0
6.84, 0.842249, -0.464527, -0.0119596, 0
6.85, 0.814491, -0.513789, -0.0341482, 0
6.86, 0.78528, -0.561197, -0.0577813, 0
6.87, 0.754591, -0.606677, -0.0828899, 0
6.88, 0.722406, -0.650167, -0.109501, 0
6.89, 0.688713, -0.69162, -0.137636, 0
6.9, 0.653511, -0.731002, -0.167314, 0
6.91, 0.616801, -0.768292, -0.198544, 0
6.92, 0.578594, -0.803486, -0.231336, 0
6.93, 0.538909, -0.836591, -0.265689, 0
6.94, 0.497768, -0.867629, -0.301601, 0
6.95, 0.455203, -0.896636, -0.339062, 0
6.96, 0.41125, -0.923661, -0.378058, 0
6.97, 0.365953, -0.948764, -0.41857, 0
6.98, 0.319361, -0.972018, -0.460573, 0
6.99, 0.271528, -0.993504, -0.50404, 0
7, 0.222513, -1.01331, -0.548938, 0
7.01, 0.172382, -1.03155, -0.595232, 0
7.02, 0.121205, -1.04831, -0.642882, 0
7.03, 0.0690566, -1.06371, -0.691848, 0
7.04, 0.016017, -1.07787, -0.742086, 0
7.05, -0.0378282, -1.09089, -0.793552, 0
7.06, -0.0923881, -1.1029, -0.846202, 0
7.07, -0.147567, -1.11401, -0.899994, 0
7.08, -0.203262, -1.12433, -0.954886, 0
7.09, -0.259368, -1.13398, -1.01084, 0
7.1, -0.315773, -1.14305, -1.06783, 0
7.11, -0.372362, -1.15164, -1.12582, 0
7.12, -0.429018, -1.15983, -1.1848, 0
7.13, -0.48562, -1.16771, -1.24476, 0
7.14, -0.54205, -1.17531, -1.30571, 0
7.15, -0.598193, -1.18267, -1.36768, 0
7.16, -0.653941, -1.1898, -1.4307, 0
7.17, -0.709197, -1.19667, -1.49482, 0
7.18, -0.76388, -1.20324, -1.56013, 0
7.19, -0.81793, -1.2094, -1.6267, 0
7.2, -0.871311, -1.21504, -1.69462, 0
7.21, -0.92401, -1.22005, -1.76396, 0
7.22, -0.976035, -1.2243, -1.83477, 0
7.23, -1.0274, -1.2277, -1.90706, 0
7.24, -1.07814, -1.23018, -1.98082, 0
7.25, -1.12826, -1.23174, -2.05596, 0
7.26, -1.17777, -1.2324, -2.1324, 0
7.27, -1.22665, -1.23226, -2.21001, 0
7.28, -1.27488, -1.23143, -2.28864, 0
7.29, -1.32241, -1.23006, -2.36813, 0
7.3, -1.36918, -1.22832, -2.44831, 0
7.31, -1.41512, -1.22642, -2.529, 0
7.32, -1.46015, -1.22455, -2.61003, 0
7.33, -1.5042, -1.22294, -2.69122, 0
7.34, -1.54715, -1.2218, -2.77238, 0
7.35, -1.58893, -1.22136, -2.85334, 0
7.36, -1.62943, -1.22184, -2.93392, 0
7.37, -1.66857, -1.22346, -3.01396, 0
7.38, -1.70625, -1.22643, -3.09328, 0
7.39, -1.74237, -1.23095, -3.17173, 0
7.4, -1.77686, -1.23722, -3.24916, 0
7.41, -1.80962, -1.24543, -3.32542, 0
7.42, -1.8406, -1.25574, -3.40036, 0
7.43, -1.86971, -1.2683, -3.47387, 0
7.44, -1.89689, -1.28327, -3.54582, 0
7.45, -1.9221, -1.30076, -3.61609, 0
7.46, -1.94529, -1.32087, -3.68458, 0
7.47, -1.96641, -1.3437, -3.75121, 0
7.48, -1.98545, -1.36932, -3.81588, 0
7.49, -2.00239, -1.39776, -3.87852, 0
7.5, -2.01721, -1.42907, -3.93908, 0
7.51, -2.02991, -1.46324, -3.9975, 0
7.52, -2.04051, -1.50026, -4.05374, 0
7.53, -2.04903, -1.54011, -4.10778, 0
7.54, -2.05548, -1.58272, -4.15959, 0
7.55, -2.05992, -1.62804, -4.20916, 0
7.56, -2.06237, -1.67597, -4.2565, 0
7.57, -2.0629, -1.72639, -4.30162, 0
7.58, -2.06156, -1.7792, -4.34454, 0
7.59, -2.05841, -1.83425, -4.38529, 0
7.6, -2.05353, -1.89138, -4.42391, 0
7.61, -2.047, -1.95044, -4.46043, 0
7.62, -2.03889, -2.01124, -4.49491, 0
7.63, -2.02929, -2.0736, -4.52741, 0
7.64, -2.01828, -2.13732, -4.55798, 0
7.65, -2.00597, -2.20222, -4.58669, 0
7.66, -1.99243, -2.26807, -4.61359, 0
7.67, -1.97778, -2.33469, -4.63876, 0
7.68, -1.9621, -2.40185, -4.66225, 0
7.69, -1.9455, -2.46935, -4.68414, 0
7.7, -1.92807, -2.53699, -4.70446, 0
7.71, -1.90994, -2.60455, -4.7233, 0
7.72, -1.8912, -2.67183, -4.74069, 0
7.73, -1.87196, -2.73863, -4.75668, 0
7.74, -1.85235, -2.80473, -4.77133, 0
7.75, -1.83247, -2.86993, -4.78468, 0
7.76, -1.81245, -2.93404, -4.79677, 0
7.77, -1.7924, -2.99684, -4.80763, 0
7.78, -1.77246, -3.05813, -4.81731, 0
7.79, -1.75276, -3.11771, -4.82585, 0
7.8, -1.73341, -3.17538, -4.83327, 0
7.81, -1.71454, -3.23092, -4.83962, 0
7.82, -1.69629, -3.28416, -4.84494, 0
7.83, -1.67877, -3.33488, -4.84925, 0
7.84, -1.66211, -3.38291, -4.8526, 0
7.85, -1.64641, -3.42805, -4.85503, 0
7.86, -1.6318, -3.47012, -4.85657, 0
7.87, -1.61838, -3.50897, -4.85727, 0
7.88, -1.60624, -3.54442, -4.85714, 0
7.89, -1.59547, -3.57634, -4.85623, 0
7.9, -1.58616, -3.60458, -4.85458, 0
7.91, -1.57838, -3.62902, -4.85221, 0
7.92, -1.57218, -3.64956, -4.84915, 0
7.93, -1.56762, -3.66611, -4.84543, 0
7.94, -1.56474, -3.67859, -4.84106, 0
7.95, -1.56357, -3.68695, -4.83608, 0
7.96, -1.56412, -3.69113, -4.83049, 0
7.97, -1.56639, -3.69113, -4.82432, 0
7.98, -1.57039, -3.68693, -4.81756, 0
7.99, -1.57609, -3.67855, -4.81023, 0
8, -1.58346, -3.66602, -4.80233, 0
8.01, -1.59246, -3.64939, -4.79385, 0
8.02, -1.60303, -3.62872, -4.7848, 0
8.03, -1.61511, -3.6041, -4.77516, 0
8.04, -1.62862, -3.57562, -4.76494, 0
8.05, -1.64349, -3.54341, -4.7541, 0
8.06, -1.6596, -3.50757, -4.74265, 0
8.07, -1.67686, -3.46827, -4.73056, 0
8.08, -1.69516, -3.42564, -4.71782, 0
8.09, -1.71438, -3.37984, -4.70441, 0
8.1, -1.7344, -3.33105, -4.69032, 0
8.11, -1.75508, -3.27944, -4.67552, 0
8.12, -1.77629, -3.22519, -4.65999, 0
8.13, -1.7979, -3.16849, -4.64372, 0
8.14, -1.81977, -3.10953, -4.62669, 0
8.15, -1.84177, -3.04849, -4.60889, 0
8.16, -1.86375, -2.98556, -4.5903, 0
8.17, -1.88559, -2.92093, -4.57091, 0
8.18, -1.90715, -2.8548, -4.55069, 0
8.19, -1.92831, -2.78734, -4.52962, 0
8.2, -1.94894, -2.71874, -4.5077, 0
8.21, -1.96894, -2.64919, -4.48488, 0
8.22, -1.98818, -2.57888, -4.46114, 0
8.23, -2.00657, -2.50799, -4.43645, 0
8.24, -2.024, -2.43672, -4.41076, 0
8.25, -2.04036, -2.36528, -4.38401, 0
8.26, -2.05557, -2.29385, -4.35616, 0
8.27, -2.06952, -2.22265, -4.32713, 0
8.28, -2.08213, -2.1519, -4.29687, 0
8.29, -2.09331, -2.0818, -4.26529, 0
8.3, -2.10296, -2.01257, -4.23233, 0
8.31, -2.11099, -1.94443, -4.19791, 0
8.32, -2.11732, -1.8776, -4.16195, 0
8.33, -2.12185, -1.81228, -4.12438, 0
8.34, -2.12452, -1.74868, -4.08514, 0
8.35, -2.12524, -1.68699, -4.04415, 0
8.36, -2.12393, -1.6274, -4.00137, 0
8.37, -2.12053, -1.57007, -3.95674, 0
8.38, -2.11497, -1.51517, -3.91022, 0
8.39, -2.10721, -1.46283, -3.86178, 0
8.4, -2.09719, -1.41318, -3.8114, 0
8.41, -2.08487, -1.36633, -3.75906, 0
8.42, -2.07023, -1.32235, -3.70475, 0
8.43, -2.05324, -1.28131, -3.6485, 0
8.44, -2.0339, -1.24327, -3.59031, 0
8.45, -2.0122, -1.20823, -3.53021, 0
8.46, -1.98816, -1.1762, -3.46825, 0
8.47, -1.96179, -1.14716, -3.40448, 0
8.48, -1.93313, -1.12107, -3.33896, 0
8.49, -1.90222, -1.09787, -3.27176, 0
8.5, -1.86911, -1.07747, -3.20297, 0
8.51, -1.83387, -1.05978, -3.13269, 0
8.52, -1.79656, -1.04466, -3.061, 0
8.53, -1.75727, -1.03198, -2.98804, 0
8.54, -1.71608, -1.02159, -2.91392, 0
8.55, -1.67309, -1.0133, -2.83878, 0
8.56, -1.62841, -1.00694, -2.76274, 0
8.57, -1.58213, -1.0023, -2.68597, 0
8.58, -1.53438, -0.999174, -2.60861, 0
8.59, -1.48527, -0.997344, -2.53082, 0
8.6, -1.43491, -0.996583, -2.45278, 0
8.61, -1.38343, -0.99666, -2.37464, 0
8.62, -1.33095, -0.997344, -2.29659, 0
8.63, -1.27757, -0.998403, -2.2188, 0
8.64, -1.22341, -0.999611, -2.14145, 0
8.65, -1.16857, -1.00075, -2.06473, 0
8.66, -1.11313, -1.00161, -1.98881, 0
8.67, -1.05717, -1.00202, -1.91387, 0
8.68, -1.00075, -1.00181, -1.84008, 0
8.69, -0.943895, -1.00086, -1.76758, 0
8.7, -0.886624, -0.999105, -1.69652, 0
8.71, -0.828924, -0.996525, -1.62698, 0
8.72, -0.77077, -0.993162, -1.55902, 0
8.73, -0.712126, -0.989117, -1.49264, 0
8.74, -0.652966, -0.98453, -1.42781, 0
8.75, -0.593279, -0.979564, -1.36444, 0
8.76, -0.533083, -0.974372, -1.30243, 0
8.77, -0.472424, -0.96908, -1.24169, 0
8.78, -0.411374, -0.96378, -1.1821, 0
8.79, -0.350024, -0.958517, -1.12361, 0
8.8, -0.288477, -0.9533, -1.06614, 0
8.81, -0.226847, -0.948104, -1.00968, 0
8.82, -0.165248, -0.942873, -0.954195, 0
8.83, -0.103794, -0.937525, -0.899694, 0
8.84, -0.0425988, -0.931957, -0.846189, 0
8.85, 0.0182259, -0.926048, -0.793702, 0
8.86, 0.0785713, -0.919661, -0.742265, 0
8.87, 0.13833, -0.912646, -0.691916, 0
8.88, 0.197396, -0.904844, -0.642696, 0
8.89, 0.255662, -0.896089, -0.59465, 0
8.9, 0.313026, -0.886214, -0.547824, 0
8.91, 0.36938, -0.875052, -0.502264, 0
8.92, 0.424623, -0.862438, -0.458015, 0
8.93, 0.478652, -0.848215, -0.415123, 0
8.94, 0.531369, -0.832237, -0.373626, 0
8.95, 0.582679, -0.814367, -0.333565, 0
8.96, 0.63249, -0.79448, -0.294972, 0
8.97, 0.680717, -0.772466, -0.257877, 0
8.98, 0.727283, -0.748232, -0.222305, 0
8.99, 0.772115, -0.7217, -0.188276, 0
9, 0.815151, -0.692808, -0.155803, 0
9.01, 0.856336, -0.661513, -0.124896, 0
9.02, 0.895624, -0.627788, -0.0955568, 0
9.03, 0.932978, -0.591625, -0.0677817, 0
9.04, 0.968371, -0.553033, -0.0415616, 0
9.05, 1.00179, -0.51204, -0.0168816, 0
9.06, 1.03322, -0.46869, 0.00627925, 0
9.07, 1.06267, -0.423043, 0.0279468, 0
9.08, 1.09015, -0.375177, 0.0481523, 0
9.09, 1.11569, -0.325185, 0.0669315, 0
9.1, 1.13932, -0.273173, 0.0843243, 0
9.11, 1.16107, -0.219263, 0.100374, 0
9.12, 1.18099, -0.163587, 0.115127, 0
9.13, 1.19916, -0.106291, 0.128633, 0
9.14, 1.21562, -0.0475274, 0.14094, 0
9.15, 1.23045, 0.0125414, 0.152098, 0
9.16, 1.24374, 0.0737478, 0.162158, 0
9.17, 1.25556, 0.13592, 0.171165, 0
9.18, 1.26601, 0.198884, 0.179165, 0
9.19, 1.27518, 0.262467, 0.186195, 0
9.2, 1.28315, 0.3265, 0.192288, 0
9.21, 1.29004, 0.390822, 0.197469, 0
9.22, 1.29592, 0.45528, 0.201752, 0
9.23, 1.3009, 0.519736, 0.205141, 0
9.24, 1.30504, 0.584071, 0.207627, 0
9.25, 1.30844, 0.648184, 0.209189, 0
9.26, 1.31116, 0.711999, 0.209795, 0
9.27, 1.31324, 0.775464, 0.209404, 0
9.28, 1.31471, 0.838545, 0.207971, 0
9.29, 1.31558, 0.901226, 0.205453, 0
9.3, 1.31586, 0.963497, 0.201821, 0
9.31, 1.31551, 1.02534, 0.197065, 0
9.32, 1.31452, 1.08672, 0.191199, 0
9.33, 1.31285, 1.14758, 0.18427, 0
9.34, 1.31047, 1.20782, 0.176348, 0
9.35, 1.30736, 1.26732, 0.167533, 0
9.36, 1.30353, 1.32592, 0.157943, 0
9.37, 1.29898, 1.38342, 0.147711, 0
9.38, 1.29373, 1.43962, 0.13698, 0
9.39, 1.28782, 1.4943, 0.125898, 0
9.4, 1.28128, 1.54722, 0.114616, 0
9.41, 1.27418, 1.59814, 0.103283, 0
9.42, 1.26656, 1.64681, 0.0920448, 0
9.43, 1.2585, 1.693, 0.0810438, 0
9.44, 1.25006, 1.73647, 0.0704151, 0
9.45, 1.2413, 1.77698, 0.0602868, 0
9.46, 1.2323, 1.81433, 0.0507788, 0
9.47, 1.22313, 1.84831, 0.0420023, 0
9.48, 1.21384, 1.87873, 0.0340584, 0
9.49, 1.2045, 1.90542, 0.0270383, 0
9.5, 1.19517, 1.92822, 0.0210224, 0
9.51, 1.1859, 1.94701, 0.0160798, 0
9.52, 1.17673, 1.96166, 0.0122682, 0
9.53, 1.16772, 1.97209, 0.00963335, 0
9.54, 1.15889, 1.97822, 0.00820904, 0
9.55, 1.15027, 1.98002, 0.00801675, 0
9.56, 1.14188, 1.97745, 0.00906563, 0
9.57, 1.13375, 1.97052, 0.0113524, 0
9.58, 1.12586, 1.95925, 0.0148616, 0
9.59, 1.11823, 1.94369, 0.0195651, 0
9.6, 1.11084, 1.92392, 0.025423, 0
9.61, 1.10368, 1.90002, 0.0323832, 0
9.62, 1.09672, 1.87211, 0.0403822, 0
9.63, 1.08994, 1.84034, 0.0493449, 0
9.64, 1.08331, 1.80485, 0.0591853, 0
9.65, 1.07677, 1.76583, 0.0698068, 0
9.66, 1.0703, 1.72348, 0.0811029, 0
9.67, 1.06383, 1.678, 0.0929573, 0
9.68, 1.05732, 1.62963, 0.105245, 0
9.69, 1.05071, 1.57861, 0.117831, 0
9.7, 1.04395, 1.52518, 0.130576, 0
9.71, 1.03698, 1.46962, 0.14333, 0
9.72, 1.02974, 1.41218, 0.155938, 0
9.73, 1.02219, 1.35315, 0.168239, 0
9.74, 1.01428, 1.2928, 0.180068, 0
9.75, 1.00596, 1.23139, 0.191256, 0
9.76, 0.997215, 1.16921, 0.20163, 0
9.77, 0.988018, 1.10649, 0.211019, 0
9.78, 0.97837, 1.04348, 0.219254, 0
9.79, 0.968286, 0.980379, 0.226172, 0
9.8, 0.957808, 0.91737, 0.231624, 0
9.81, 0.947002, 0.854575, 0.235481, 0
9.82, 0.935956, 0.792057, 0.23765, 0
9.83, 0.924784, 0.729812, 0.238083, 0
9.84, 0.913604, 0.667771, 0.23679, 0
9.85, 0.902529, 0.605814, 0.233832, 0
9.86, 0.891645, 0.543801, 0.229316, 0
9.87, 0.881005, 0.481602, 0.223371, 0
9.88, 0.870622, 0.419122, 0.216124, 0
9.89, 0.860475, 0.356313, 0.207691, 0
9.9, 0.850519, 0.293174, 0.198158, 0
9.91, 0.840684, 0.229748, 0.187589, 0
9.92, 0.830892, 0.16611, 0.176021, 0
9.93, 0.821052, 0.102366, 0.163468, 0
9.94, 0.811069, 0.0386383, 0.149928, 0
9.95, 0.800843, -0.024934, 0.135385, 0
9.96, 0.790272, -0.0882027, 0.11981, 0
9.97, 0.779254, -0.151013, 0.103166, 0
9.98, 0.767685, -0.213207, 0.0854122, 0
9.99, 0.755464, -0.274625, 0.0664999, 0
10, 0.742489, -0.335109, 0.0463801, 0
